,MJD,Phase,Filter,ShiftedFilter,Wavelength,ShiftedWavelength,Flux,ShiftedFlux,Fluxerr,ShiftedFluxerr,Mag,ShiftedMag,Magerr,Nondetection
0,58308.404124,5.036883431705064,c,c,6419.249420408163,6419.249420408163,1.6726331953362486e-16,0.13193639136771473,8.604112360431787e-18,0.05144052135532385,18.817483335208877,-0.43679117410693635,0.05144052135532385,False
1,58312.39165725,9.024416681706498,c,c,6419.249420408163,6419.249420408163,1.2754760977290076e-16,0.01420800415309209,8.178983516533291e-18,0.06412494543093374,19.11180430324543,-0.14247020607038152,0.06412494543093374,False
2,58316.38530266667,13.018062098373775,c,c,6504.765081632653,6504.765081632653,1.131971467202739e-16,-0.03762884020280133,1.2557600174085863e-17,0.11093565993423371,19.241396414135167,-0.012878095180646199,0.11093565993423371,False
3,58344.33133233333,40.96409176503221,c,c,6504.765081632653,6504.765081632653,5.705398450182723e-17,-0.3351783404318436,1.0333419307786688e-17,0.18111652320191143,19.985270164707774,0.7309956553919612,0.18111652320191143,False
4,58376.27136616666,72.90412559836113,c,c,6504.765081632653,6504.765081632653,5.394805057144937e-17,-0.3594885642971999,9.427869600424108e-18,0.1747582998932971,20.046045724371165,0.791771215055352,0.1747582998932971,False
5,58396.239716125,92.87247555670183,c,c,5330.0,5330.0,3.897657324625224e-17,-0.5006606662109281,9.401951359987578e-18,0.24122057371710107,20.39897597915548,1.1447014698396671,0.24122057371710107,False
6,58400.22766525,96.8604246817049,c,c,5330.0,5330.0,3.310713348709638e-17,-0.5715427403544151,1.02905357932849e-17,0.3108253330749904,20.576181164514196,1.321906655198383,0.3108253330749904,False
7,58576.60562575,273.2383851817067,c,c,5330.0,5330.0,3.455488489928474e-17,-0.5529548695491595,3.455488489928474e-19,0.01,20.529711487501057,1.275436978185244,0.01,True
8,58580.5786955,277.2114549317048,c,c,4965.483179591836,4965.483179591836,3.666504937728196e-17,-0.5272120460399758,3.6665049377281963e-19,0.01,20.465354428728098,1.2110799194122848,0.01,True
9,58604.52477325,301.15753268170374,c,c,5330.0,5330.0,2.859559054165884e-17,-0.6351652504367511,2.859559054165884e-19,0.01,20.73523743972004,1.4809629304042282,0.01,True
10,58612.476028499994,309.1087879316983,c,c,5347.875681632653,5347.875681632653,3.18513143825391e-17,-0.5883369615200404,3.18513143825391e-19,0.01,20.618166717428263,1.3638922081124498,0.01,True
11,58636.350481,332.9832404317058,c,c,5330.0,5330.0,3.3481057081353895e-17,-0.5666651589328016,3.3481057081353895e-19,0.01,20.563987210960164,1.3097127016443508,0.01,True
12,58664.397975,361.03073443170433,c,c,5330.0,5330.0,3.5166700746421935e-17,-0.545332694456425,3.5166700746421937e-19,0.01,20.510656049769228,1.2563815404534147,0.01,True
13,58668.35085375,364.98361318170646,c,c,4879.967518367347,4879.967518367347,2.485487301487663e-17,-0.696052771599204,2.485487301487663e-19,0.01,20.887456242626172,1.6331817333103587,0.01,True
14,58692.34670733334,388.97946676504216,c,c,5330.0,5330.0,4.0719184094812e-17,-0.48166525294335294,4.0719184094812e-19,0.01,20.351487445986542,1.0972129366707293,0.01,True
15,58696.31720025,392.94995968170406,c,c,5330.0,5330.0,3.573913784999971e-17,-0.5383202486112015,3.573913784999971e-19,0.01,20.493124935156164,1.2388504258403508,0.01,True
16,58700.38839575001,397.02115518171195,c,c,4879.967518367347,4879.967518367347,3.455488489928474e-17,-0.5529548695491595,3.455488489928474e-19,0.01,20.529711487501057,1.275436978185244,0.01,True
17,58704.293016,400.92577543170773,c,c,5266.581632653061,5266.581632653061,7.127250680108313e-17,-0.23854228614345807,7.127250680108314e-19,0.01,19.74368002898681,0.48940551967099566,0.01,True
18,58708.360127500004,404.9928869317082,c,c,5330.0,5330.0,1.6969458028556162e-16,0.13820365177731908,1.6969458028556162e-18,0.01,18.801815184184864,-0.452459325130949,0.01,True
19,58720.247069,416.87982843170175,c,c,4258.214285714286,4258.214285714286,4.1615335431034813e-17,-0.47221092072592974,4.1615335431034815e-19,0.01,20.327851615442988,1.0735771061271748,0.01,True
20,58724.295346750005,420.92810618170915,c,c,4258.214285714286,4258.214285714286,4.0326402444889506e-17,-0.48587484031261674,4.0326402444889506e-19,0.01,20.3620114144097,1.107736905093887,0.01,True
21,58728.238822499996,424.87158193170035,c,c,5330.0,5330.0,5.0843702648104737e-17,-0.3852271500929998,5.084370264810474e-19,0.01,20.11039218886066,0.8561176795448482,0.01,True
22,58756.245960500004,452.8787199317085,c,c,5330.0,5330.0,5.997741662887139e-17,-0.3134765645200144,5.997741662887139e-19,0.01,19.9310157249282,0.6767412156123882,0.01,True
23,58872.59467925,569.227438681708,c,c,4281.357889795918,4281.357889795918,2.28406984892575e-17,-0.7327549393461315,2.28406984892575e-19,0.01,20.979211661993492,1.724937152677679,0.01,True
24,58884.65620025,581.288959681704,c,c,4281.357889795918,4281.357889795918,2.6981739253876184e-17,-0.6603943792048472,2.6981739253876183e-19,0.01,20.798310261640278,1.544035752324465,0.01,True
25,58932.600774666666,629.23353409837,c,c,5330.0,5330.0,4.294957539713101e-17,-0.45850544552263095,4.294957539713101e-19,0.01,20.293587927434743,1.0393134181189296,0.01,True
26,58956.525637,653.1583964317033,c,c,4281.357889795918,4281.357889795918,3.962472303781788e-17,-0.49349808056346767,3.962472303781788e-19,0.01,20.38106951503683,1.1267950057210179,0.01,True
27,58960.52465475,657.1574141817036,c,c,5330.0,5330.0,3.538963774273448e-17,-0.5425882031295064,3.5389637742734483e-19,0.01,20.503794821451926,1.249520312136113,0.01,True
28,58964.4565245,661.0892839317021,c,c,5393.0614857142855,5393.0614857142855,6.300357148013662e-17,-0.2920991512620237,6.300357148013662e-19,0.01,19.87757219178322,0.6232976824674061,0.01,True
29,58968.43427425,665.0670336817057,c,c,5393.0614857142855,5393.0614857142855,3.962472303781788e-17,-0.49349808056346767,3.962472303781788e-19,0.01,20.38106951503683,1.1267950057210179,0.01,True
30,58984.47610875,681.1088681817055,c,c,5330.0,5330.0,3.666504937728196e-17,-0.5272120460399758,3.6665049377281963e-19,0.01,20.465354428728098,1.2110799194122848,0.01,True
31,58988.44973275,685.0824921817039,c,c,5330.0,5330.0,4.0326402444889506e-17,-0.48587484031261674,4.0326402444889506e-19,0.01,20.3620114144097,1.107736905093887,0.01,True
32,58992.37787825,689.0106376817057,c,c,5283.142857142857,5283.142857142857,3.3481057081353895e-17,-0.5666651589328016,3.3481057081353895e-19,0.01,20.563987210960164,1.3097127016443508,0.01,True
33,58996.557979000005,693.1907384317092,c,c,5330.0,5330.0,4.322619901408432e-17,-0.45571727161041586,4.322619901408432e-19,0.01,20.2866174926542,1.0323429833383884,0.01,True
34,59015.36778975,712.0005491817064,c,c,5330.0,5330.0,3.3481057081353895e-17,-0.5666651589328016,3.3481057081353895e-19,0.01,20.563987210960164,1.3097127016443508,0.01,True
35,59020.3786895,717.0114489317057,c,c,5330.0,5330.0,4.576887844176144e-17,-0.43089404999328984,4.576887844176144e-19,0.01,20.22455943861139,0.9702849292955769,0.01,True
36,59040.343454999995,736.9762144316992,c,c,6486.2828734693885,6486.2828734693885,3.5166700746421935e-17,-0.545332694456425,3.5166700746421937e-19,0.01,20.510656049769228,1.2563815404534147,0.01,True
37,59048.34739025,744.9801496817017,c,c,5393.0614857142855,5393.0614857142855,3.18513143825391e-17,-0.5883369615200404,3.18513143825391e-19,0.01,20.618166717428263,1.3638922081124498,0.01,True
38,59072.26993675,768.9026961817071,c,c,4281.357889795918,4281.357889795918,2.8292767609475886e-17,-0.6397888878525766,2.8292767609475887e-19,0.01,20.746796533259605,1.492522023943792,0.01,True
39,59076.292176333336,772.9249357650406,c,c,4281.357889795918,4281.357889795918,4.39828744173413e-17,-0.44818071179737196,4.39828744173413e-19,0.01,20.267776093121594,1.0135015838057804,0.01,True
40,59080.249199000005,776.8819584317098,c,c,4879.967518367347,4879.967518367347,4.4790114151105375e-17,-0.44028215096230916,4.479011415110537e-19,0.01,20.24802969103393,0.993755181718118,0.01,True
41,59100.323219750004,796.9559791817082,c,c,5330.0,5330.0,4.786086789882879e-17,-0.4114837504889639,4.786086789882879e-19,0.01,20.176033689850573,0.9217591805347602,0.01,True
42,59104.245001,800.8777604317074,c,c,5330.0,5330.0,4.4751069885987294e-17,-0.4406608975725472,4.475106988598729e-19,0.01,20.24897655755953,0.9947020482437168,0.01,True
43,59108.2622365,804.8949959317033,c,c,5330.0,5330.0,4.4230338758310323e-17,-0.4457440546162541,4.423033875831032e-19,0.01,20.261684450168794,1.0074099408529804,0.01,True
44,59206.649006,903.2817654317041,c,c,5330.0,5330.0,4.2747747294523295e-17,-0.4605510868696907,4.27477472945233e-19,0.01,20.298702030802392,1.044427521486579,0.01,True
45,59238.62847466667,935.261234098376,c,c,5330.0,5330.0,2.9595157480863886e-17,-0.6202436649730405,2.9595157480863884e-19,0.01,20.69793347606076,1.4436589667449482,0.01,True
46,59256.574267250006,953.20702668171,c,c,5330.0,5330.0,4.055511156992292e-17,-0.48341871972903583,4.055511156992292e-19,0.01,20.355871112950755,1.1015966036349418,0.01,True
47,59258.619381250006,955.2521406817104,c,c,4965.483179591836,4965.483179591836,3.2771592616686065e-17,-0.5759667727309274,3.2771592616686064e-19,0.01,20.587241245455477,1.3329667361396638,0.01,True
48,59262.54313275,959.1758921817018,c,c,4281.357889795918,4281.357889795918,3.3481057081353895e-17,-0.5666651589328016,3.3481057081353895e-19,0.01,20.563987210960164,1.3097127016443508,0.01,True
49,59288.56924025,985.2019996817035,c,c,5330.0,5330.0,2.476462874773753e-17,-0.6976324984833138,2.4764628747737533e-19,0.01,20.891405559836446,1.6371310505206331,0.01,True
50,59292.488870333334,989.121629765039,c,c,5266.581632653061,5266.581632653061,4.1066398157546474e-17,-0.4779777067209974,4.1066398157546476e-19,0.01,20.34226858043066,1.0879940711148457,0.01,True
51,59310.49671425001,1007.1294736817144,c,c,4794.451857142857,4794.451857142857,3.1215389499006706e-17,-0.597095561906313,3.121538949900671e-19,0.01,20.640063218393944,1.3857887090781311,0.01,True
52,59314.495674000005,1011.1284334317097,c,c,5330.0,5330.0,4.9791746005975374e-17,-0.3943069646539481,4.979174600597538e-19,0.01,20.13309172526303,0.8788172159472154,0.01,True
53,59318.56037875,1015.1931381817049,c,c,5330.0,5330.0,3.666504937728196e-17,-0.5272120460399758,3.6665049377281963e-19,0.01,20.465354428728098,1.2110799194122848,0.01,True
54,59322.452766,1019.0855254317066,c,c,4281.357889795918,4281.357889795918,2.8873395348194144e-17,-0.6309664627802167,2.8873395348194147e-19,0.01,20.724740470578702,1.4704659612628888,0.01,True
55,59344.49098625,1041.1237456817034,c,c,6435.387755102041,6435.387755102041,4.2631119704577585e-17,-0.4617375807184718,4.263111970457759e-19,0.01,20.301668265424343,1.04739375610853,0.01,True
56,59350.53858679999,1047.1713462316911,c,c,4292.040816326531,4292.040816326531,4.050038751519494e-17,-0.48400514159738783,4.050038751519494e-19,0.01,20.35733716762163,1.1030626583058165,0.01,True
57,59370.401801,1067.0345604317044,c,c,5330.0,5330.0,3.7122936876249637e-17,-0.5218219933551485,3.7122936876249638e-19,0.01,20.45187929701603,1.197604787700218,0.01,True
58,59374.3927995,1071.025558931702,c,c,6486.2828734693885,6486.2828734693885,3.100445069423824e-17,-0.6000402788847534,3.100445069423824e-19,0.01,20.647425010840045,1.3931505015242323,0.01,True
59,59378.38692475,1075.0196841817015,c,c,5330.0,5330.0,2.229404657515656e-17,-0.743275416151052,2.229404657515656e-19,0.01,21.005512854005794,1.7512383446899804,0.01,True
60,59404.33707975,1100.9698391817074,c,c,4281.357889795918,4281.357889795918,3.377654495176564e-17,-0.562849097301827,3.377654495176564e-19,0.01,20.554447056882726,1.3001725475669126,0.01,True
61,59408.32495575,1104.9577151817066,c,c,4281.357889795918,4281.357889795918,3.374714222058446e-17,-0.5632273184934302,3.374714222058446e-19,0.01,20.55539260986174,1.3011181005459278,0.01,True
62,59426.319893,1122.9526524317043,c,c,4258.214285714286,4258.214285714286,3.18513143825391e-17,-0.5883369615200404,3.18513143825391e-19,0.01,20.618166717428263,1.3638922081124498,0.01,True
63,59430.3007485,1126.9335079317025,c,c,5330.0,5330.0,2.955363110224764e-17,-0.62085347222291,2.955363110224764e-19,0.01,20.699457994185437,1.4451834848696237,0.01,True
64,59434.307134250004,1130.9398936817088,c,c,4879.967518367347,4879.967518367347,2.970360724194567e-17,-0.6186551264753586,2.970360724194567e-19,0.01,20.69396212981656,1.4396876205007452,0.01,True
65,59468.25192724999,1164.8846866816966,c,c,4879.967518367347,4879.967518367347,3.440506526343408e-17,-0.5548419342395494,3.440506526343408e-19,0.01,20.534429149227037,1.280154639911224,0.01,True
66,59592.61094425,1289.2437036817064,c,c,5330.0,5330.0,4.7561082762013406e-17,-0.4142125871586071,4.756108276201341e-19,0.01,20.18285578152468,0.9285812722088664,0.01,True
67,59615.589406499996,1312.2221659317001,c,c,5330.0,5330.0,4.236569453977988e-17,-0.4644499896518486,4.2365694539779886e-19,0.01,20.30844928775778,1.0541747784419684,0.01,True
68,59619.633102249994,1316.2658616816989,c,c,5330.0,5330.0,3.9312535725842565e-17,-0.4969332627808303,3.9312535725842564e-19,0.01,20.38965747058024,1.1353829612644262,0.01,True
69,59639.5410495,1336.1738089317078,c,c,4965.483179591836,4965.483179591836,3.3481057081353895e-17,-0.5666651589328016,3.3481057081353895e-19,0.01,20.563987210960164,1.3097127016443508,0.01,True
70,59643.59762474999,1340.2303841816974,c,c,5330.0,5330.0,5.4049595909733585e-17,-0.3586718688503492,5.404959590973358e-19,0.01,20.04400398575403,0.7897294764382181,0.01,True
71,59647.555510000006,1344.18826943171,c,c,5330.0,5330.0,1.0961728666429929e-16,-0.0515852723807253,1.0961728666429928e-18,0.01,19.276287494579975,0.022012985264161955,0.01,True
72,59671.48583525,1368.1185946817059,c,c,5330.0,5330.0,3.1453765249902764e-17,-0.5937916790653883,3.1453765249902764e-19,0.01,20.631803511291633,1.3775290019758195,0.01,True
73,59675.48492025,1372.1176796817017,c,c,5393.0614857142855,5393.0614857142855,5.214586687592853e-17,-0.37424442865111907,5.214586687592853e-19,0.01,20.08293538525596,0.8286608759401481,0.01,True
74,59679.46159399999,1376.0943534316975,c,c,5330.0,5330.0,6.847737610554142e-17,-0.2559172094126314,6.847737610554142e-19,0.01,19.78711733715974,0.5328428278439254,0.01,True
75,59695.4220995,1392.054858931704,c,c,6486.2828734693885,6486.2828734693885,4.602418330339552e-17,-0.4284782295291212,4.602418330339552e-19,0.01,20.218519887450967,0.9642453781351534,0.01,True
76,59699.4464,1396.0791594317052,c,c,6435.387755102041,6435.387755102041,1.1610261604118263e-16,-0.026622314806004965,1.1610261604118264e-18,0.01,19.213880100643177,-0.04039440867263622,0.01,True
77,59723.456283499996,1420.0890429317005,c,c,5330.0,5330.0,4.32265847952329e-17,-0.4557133956768329,4.32265847952329e-19,0.01,20.286607802820246,1.0323332935044327,0.01,True
78,59727.382086,1424.0148454317023,c,c,6419.249420408163,6419.249420408163,5.621936809711299e-17,-0.341578360391237,5.621936809711298e-19,0.01,20.00127021460625,0.7469957052904377,0.01,True
79,59731.463455749996,1428.0962151817002,c,c,5330.0,5330.0,4.393411939502868e-17,-0.448662394311933,4.393411939502869e-19,0.01,20.268980299407993,1.0147057900921794,0.01,True
80,59751.365585333326,1447.9983447650302,c,c,5330.0,5330.0,4.430282081293368e-17,-0.445032941095727,4.4302820812933675e-19,0.01,20.25990666636748,1.005632157051668,0.01,True
81,59779.378679249996,1476.0114386817004,c,c,5330.0,5330.0,4.0326402444889506e-17,-0.48587484031261674,4.0326402444889506e-19,0.01,20.3620114144097,1.107736905093887,0.01,True
82,59783.32773024999,1479.9604896816963,c,c,5330.0,5330.0,4.055601311692481e-17,-0.48340906539642425,4.055601311692481e-19,0.01,20.355846977119224,1.1015724678034111,0.01,True
83,59787.3315535,1483.9643129317046,c,c,5330.0,5330.0,5.453402381227011e-17,-0.35479677680050337,5.4534023812270105e-19,0.01,20.03431625562942,0.7800417463136071,0.01,True
84,59791.28950875001,1487.9222681817118,c,c,5330.0,5330.0,4.695024140254738e-17,-0.419826490635975,4.695024140254738e-19,0.01,20.196890540218096,0.9426160309022826,0.01,True
85,59811.26259225,1507.8953516817055,c,c,5330.0,5330.0,4.130834321835219e-17,-0.4754265434583278,4.130834321835219e-19,0.01,20.335890672273983,1.08161616295817,0.01,True
86,59819.28673,1515.9194894317043,c,c,5330.0,5330.0,4.393411939502868e-17,-0.448662394311933,4.393411939502869e-19,0.01,20.268980299407993,1.0147057900921794,0.01,True
87,59841.26999825,1537.9027576817025,c,c,6486.2828734693885,6486.2828734693885,5.103649767653111e-17,-0.38358345648689074,5.103649767653111e-19,0.01,20.106282954845387,0.8520084455295738,0.01,True
88,59867.2146675,1563.8474269317012,c,c,5330.0,5330.0,5.960102122982531e-17,-0.316210619047256,5.960102122982531e-19,0.01,19.937850861246304,0.6835763519304905,0.01,True
89,59875.206049500004,1571.8388089317086,c,c,5330.0,5330.0,8.359189543320349e-17,-0.16930014733941512,8.359189543320349e-19,0.01,19.570574681976698,0.3163001726608847,0.01,True
90,60048.47499633333,1745.107755765035,c,c,5330.0,5330.0,4.3578735301881036e-17,-0.45218969780529683,4.357873530188104e-19,0.01,20.277798558141402,1.023524048825589,0.01,True
91,60050.479380000004,1747.1121394317088,c,c,5393.0614857142855,5393.0614857142855,5.327368031881306e-17,-0.3649516199476732,5.327368031881306e-19,0.01,20.059703363497345,0.8054288541815318,0.01,True
92,60052.495123,1749.127882431705,c,c,5330.0,5330.0,4.99365891799432e-17,-0.39304544483997184,4.99365891799432e-19,0.01,20.12993792572809,0.8756634164122765,0.01,True
93,60056.46469625,1753.0974556817018,c,c,5330.0,5330.0,4.393411939502868e-17,-0.448662394311933,4.393411939502869e-19,0.01,20.268980299407993,1.0147057900921794,0.01,True
94,60058.46108825,1755.0938476817028,c,c,5330.0,5330.0,4.626354277038886e-17,-0.4262254331233226,4.626354277038887e-19,0.01,20.212887896436467,0.9586133871206535,0.01,True
95,60060.467736000006,1757.1004954317104,c,c,5330.0,5330.0,4.022060072290712e-17,-0.4870157674396953,4.0220600722907124e-19,0.01,20.3648637322274,1.1105892229115852,0.01,True
96,60078.471476750005,1775.104236181709,c,c,5330.0,5330.0,4.130834321835219e-17,-0.4754265434583278,4.130834321835219e-19,0.01,20.335890672273983,1.08161616295817,0.01,True
97,60104.40381925,1801.0365786817056,c,c,6486.2828734693885,6486.2828734693885,4.130834321835219e-17,-0.4754265434583278,4.130834321835219e-19,0.01,20.335890672273983,1.08161616295817,0.01,True
98,60106.39135075,1803.024110181701,c,c,5330.0,5330.0,4.604847101436224e-17,-0.42824910571003194,4.6048471014362235e-19,0.01,20.21794707790324,0.9636725685874268,0.01,True
99,60108.40151925,1805.0342786817055,c,c,5330.0,5330.0,4.3442645515339633e-17,-0.4535480557390752,4.344264551533963e-19,0.01,20.281194452975846,1.0269199436600331,0.01,True
100,60110.3901035,1807.0228629317062,c,c,5330.0,5330.0,3.846332255586561e-17,-0.5064175232995058,3.846332255586561e-19,0.01,20.41336812187693,1.159093612561115,0.01,True
101,60112.37847149999,1809.0112309316974,c,c,5330.0,5330.0,3.766686707439105e-17,-0.5155048207947761,3.766686707439105e-19,0.01,20.436086365615104,1.1818118562992908,0.01,True
102,60114.389144249995,1811.0219036816998,c,c,5222.030163265306,5222.030163265306,4.055511156992292e-17,-0.48341871972903583,4.055511156992292e-19,0.01,20.355871112950755,1.1015966036349418,0.01,True
103,60116.3919235,1813.0246829317039,c,c,4879.967518367347,4879.967518367347,4.32265847952329e-17,-0.4557133956768329,4.32265847952329e-19,0.01,20.286607802820246,1.0323332935044327,0.01,True
104,60134.365259,1830.9980184317028,c,c,5266.581632653061,5266.581632653061,1.8761618280420136e-16,0.18180597541877752,1.8761618280420135e-18,0.01,18.692809375081218,-0.5614651342345951,0.01,True
105,60136.351388999996,1832.9841484317003,c,c,5330.0,5330.0,1.1868658894926556e-15,0.9829373281619613,1.1868658894926557e-17,0.01,16.68998099322326,-2.5642935160925546,0.01,True
106,60138.35762075,1834.9903801817054,c,c,5393.0614857142855,5393.0614857142855,8.870507658410298e-17,-0.1435158450620353,8.870507658410298e-19,0.01,19.50611392628325,0.25183941696743517,0.01,True
107,60140.371498249995,1837.0042576816995,c,c,5330.0,5330.0,6.857265974360284e-17,-0.25531332536930584,6.857265974360284e-19,0.01,19.785607627051427,0.5313331177356133,0.01,True
108,58296.432256249995,-6.934984318300849,o,o,6790.0,6790.0,1.2307503436471136e-16,-0.0012943545343659935,2.501663582034908e-17,0.20326328527536017,18.887703786829256,-0.3665707224865571,0.20326328527536017,False
109,58298.36625375,-5.000986818296951,o,o,8119.0488897959185,8119.0488897959185,1.864219564920821e-16,0.1790327413265036,1.7269927744608414e-17,0.09263891480155086,18.436886047177083,-0.8173884621387302,0.09263891480155086,False
110,58302.406433000004,-0.9608075682917843,o,o,8119.0488897959185,8119.0488897959185,2.047576128649342e-16,0.21977573751062707,1.3036900153146184e-17,0.06366991669191716,18.33502855671677,-0.9192459525990415,0.06366991669191716,False
111,58304.39512275,1.0278821817046264,o,o,8119.0488897959185,8119.0488897959185,1.990516410197687e-16,0.20750144209975652,9.245729854886124e-18,0.04644890043367133,18.365714295243947,-0.888560214071866,0.04644890043367133,False
112,58310.38295225,7.015711681706307,o,o,6790.0,6790.0,2.1014019157543605e-16,0.23104480360676583,1.0811898529240623e-17,0.05145088356579027,18.306855891476427,-0.9474186178393857,0.05145088356579027,False
113,58318.36896075,15.001720181702694,o,o,6790.0,6790.0,2.084607635928427e-16,0.22756000401441057,1.138479464747354e-17,0.05461360906127097,18.315567890457313,-0.9387066188585003,0.05461360906127097,False
114,58320.3727175,17.005476931706653,o,o,7798.775995918366,7798.775995918366,1.9377502761517832e-16,0.19583348721112692,2.978595849008787e-17,0.15371412331438497,18.394884182465525,-0.8593903268502885,0.15371412331438497,False
115,58322.356430499996,18.98918993170082,o,o,6226.195559183673,6226.195559183673,2.088814603600207e-16,0.22843557488138266,1.3092877964385573e-17,0.062680900170935,18.313378963289885,-0.9408955460259278,0.062680900170935,False
116,58324.36155,20.994309431705915,o,o,6226.195559183673,6226.195559183673,1.9966970278368927e-16,0.20884785122838068,1.5261710096025832e-17,0.0764347814578534,18.362348272422388,-0.8919262368934255,0.0764347814578534,False
117,58328.3098575,24.942616931701195,o,o,8119.0488897959185,8119.0488897959185,1.8426306964841123e-16,0.17397398158034072,1.4735951669392818e-17,0.07997235527178724,18.44953294654249,-0.804741562773323,0.07997235527178724,False
118,58330.3403285,26.973087931706687,o,o,6331.35407755102,6331.35407755102,1.691473815606521e-16,0.13680095895836963,1.8168637875742803e-17,0.10741306018519699,18.542465503097418,-0.7118090062183953,0.10741306018519699,False
119,58338.3247935,34.95755293170805,o,o,6790.0,6790.0,1.5412094191236337e-16,0.09639733430425146,9.531709979813179e-18,0.06184565096437785,18.643474564732713,-0.6107999445830998,0.06184565096437785,False
120,58342.323791,38.956550431707,o,o,6790.0,6790.0,1.3967010400647322e-16,0.053639136305578816,1.0460290342343696e-17,0.07489283706596866,18.750370059729395,-0.5039044495864182,0.07489283706596866,False
121,58348.3230065,44.95576593170699,o,o,6790.0,6790.0,1.3858547494513455e-16,0.05025339429267639,7.885625634650164e-18,0.05690080896119923,18.75883441476165,-0.49544009455416216,0.05690080896119923,False
122,58360.29849166667,56.93125109837274,o,o,6226.195559183673,6226.195559183673,1.302544320823649e-16,0.023328189435432023,1.0042974456813008e-17,0.07710274649589234,18.82614742690476,-0.42812708241105213,0.07710274649589234,False
123,58362.289687,58.922446431701246,o,o,6331.35407755102,6331.35407755102,1.2284360873055564e-16,-0.002111754177512637,1.1714583815447254e-17,0.09536176880916894,18.889747285937123,-0.3645272233786905,0.09536176880916894,False
124,58364.2928165,60.92557593170204,o,o,6790.0,6790.0,1.1716117933446985e-16,-0.022680585638930495,9.743651166079453e-18,0.0831645022816255,18.941169364590667,-0.31310514472514583,0.0831645022816255,False
125,58366.284675,62.91743443170708,o,o,8119.0488897959185,8119.0488897959185,1.2453358845611595e-16,0.003822182304570987,1.002764962844253e-17,0.08052164683246196,18.874912444731912,-0.3793620645839013,0.08052164683246196,False
126,58368.28372325,64.91648268170684,o,o,6226.195559183673,6226.195559183673,1.1720880635596153e-16,-0.022504077091156205,9.561467809791661e-18,0.0815763602331519,18.94072809322123,-0.31354641609458156,0.0815763602331519,False
127,58372.283526,68.91628543170373,o,o,6226.195559183673,6226.195559183673,1.0531385986061214e-16,-0.06897878984567107,7.72055667228858e-18,0.07330997726706723,19.05691487510752,-0.1973596342082935,0.07330997726706723,False
128,58374.2756965,70.90845593170525,o,o,6331.35407755102,6331.35407755102,1.2156290317658193e-16,-0.006663256848778332,1.4494461004197087e-17,0.11923424519684654,18.901126042615285,-0.353148466700528,0.11923424519684654,False
129,58378.2694325,74.90219193170196,o,o,6331.35407755102,6331.35407755102,1.1257956141585875e-16,-0.04000476782600337,1.3668858621711071e-17,0.12141509924007911,18.984479820058347,-0.2697946892574663,0.12141509924007911,False
130,58380.27262075,76.90538018170628,o,o,6790.0,6790.0,1.0329652370488165e-16,-0.07737861402899071,1.4004611649207558e-17,0.13557679529679778,19.077914435565816,-0.17636007374999707,0.13557679529679778,False
131,58382.263601,78.89636043170321,o,o,8156.612244897959,8156.612244897959,1.06967780229281e-16,-0.062211336723121846,1.6475126036561943e-17,0.15401951878638775,19.039996242301143,-0.21427826701467012,0.15401951878638775,False
132,58384.2562472857,80.88900671740703,o,o,6790.0,6790.0,1.1440979144033932e-16,-0.03300112632205199,1.7588306418209864e-17,0.1537307794794954,18.96697071629847,-0.2873037930173439,0.1537307794794954,False
133,58390.25645425,86.88921368170122,o,o,6857.1466693877555,6857.1466693877555,8.832176484757983e-17,-0.14539658168745895,1.1688216922643452e-17,0.1323367682112585,19.247959354711984,-0.006315154603829143,0.1323367682112585,False
134,58392.2532795,88.88603893170512,o,o,6790.0,6790.0,9.691929384996652e-17,-0.105054079016762,1.0798425881334342e-17,0.11141667930485104,19.147103098035245,-0.10717141128056795,0.11141667930485104,False
135,58394.25197075,90.88473018170771,o,o,6790.0,6790.0,8.27505320507345e-17,-0.17369352545623862,1.2177682791018451e-17,0.1471613836096219,19.31870171413394,0.06442720481812714,0.1471613836096219,False
136,58402.240497624996,98.87325705670082,o,o,6790.0,6790.0,6.268472144019529e-17,-0.2943026199660199,1.0554794688726387e-17,0.1683790634500346,19.620224450408394,0.3659499410925804,0.1683790634500346,False
137,58408.240318749995,104.87307818169938,o,o,6790.0,6790.0,5.276367563715485e-17,-0.3691292783763789,1.4337254180445528e-17,0.27172584182800175,19.80729109643429,0.5530165871184778,0.27172584182800175,False
138,58290.412029750005,-12.955210818290652,o,o,6857.1466693877555,6857.1466693877555,4.433806284243983e-17,-0.4446876056450666,4.433806284243983e-19,0.01,19.996186914606007,0.7419124052901935,0.01,True
139,58292.421845749996,-10.945394818299974,o,o,8119.0488897959185,8119.0488897959185,5.801860791352918e-17,-0.3278970160220869,5.801860791352918e-19,0.01,19.704210440548557,0.4499359312327442,0.01,True
140,58294.411305500005,-8.955935068290273,o,o,8148.904612244896,8148.904612244896,6.228470626712082e-17,-0.29708289957278744,6.2284706267120825e-19,0.01,19.627175149425305,0.3729006401094921,0.01,True
141,58300.417170666675,-2.9500699016207363,o,o,6790.0,6790.0,2.8774739571435448e-15,1.367547081453564,2.877473957143545e-17,0.01,15.465600196859429,-3.7886743124563846,0.01,True
142,58334.338629833335,30.97138926503976,o,o,6751.988151020409,6751.988151020409,2.427711041733917e-16,0.29373267334402975,2.427711041733917e-18,0.01,18.150136217133266,-1.1041382921825473,0.01,True
143,58352.31793987501,48.95069930671161,o,o,8119.0488897959185,8119.0488897959185,3.5323660345728416e-16,0.45660137991811567,3.532366034572842e-18,0.01,17.74296445069805,-1.511310058617763,0.01,True
144,58386.265003,82.8977624317049,o,o,6790.0,6790.0,2.020735258056481e-16,0.214045098915971,2.020735258056481e-18,0.01,18.349355153203412,-0.9049193561124014,0.01,True
145,58412.208032250004,108.84079168170865,o,o,6790.0,6790.0,1.488326313194821e-16,0.0812338397874175,1.488326313194821e-18,0.01,18.681383301024795,-0.5728912082910185,0.01,True
146,58510.679534,207.31229343170708,o,o,6790.0,6790.0,8.822455713932984e-16,0.8541251667683287,8.822455713932984e-18,0.01,16.749154983572517,-2.5051195257432965,0.01,True
147,58518.660901999996,215.29366143170046,o,o,6790.0,6790.0,5.807719550436642e-17,-0.3274586837341058,5.8077195504366415e-19,0.01,19.703114609828603,0.4488401005127898,0.01,True
148,58530.663195500005,227.29595493170928,o,o,6790.0,6790.0,9.3531580610418e-17,-0.12050604659796882,9.3531580610418e-19,0.01,19.185733016988262,-0.06854149232755091,0.01,True
149,58538.65573,235.28848943170306,o,o,7098.518763265305,7098.518763265305,6.31730561786146e-17,-0.29093243259231905,6.31730561786146e-19,0.01,19.61179898197414,0.35752447265832643,0.01,True
150,58542.659267,239.2920264317072,o,o,6790.0,6790.0,1.0952013989709956e-16,-0.051970330363337425,1.0952013989709956e-18,0.01,19.014393726401686,-0.23988078291412762,0.01,True
151,58546.65031,243.28306943170173,o,o,6790.0,6790.0,6.283201960823598e-17,-0.29328330078346987,6.283201960823598e-19,0.01,19.617676152452013,0.36340164313619994,0.01,True
152,58550.63851775,247.27127718170232,o,o,6790.0,6790.0,4.692011940147678e-17,-0.42010521161213354,4.692011940147678e-19,0.01,19.93473092952367,0.6804564202078573,0.01,True
153,58554.599170999994,251.23193043169886,o,o,6790.0,6790.0,2.8393851068713984e-17,-0.6382400201969087,2.8393851068713984e-19,0.01,20.480067950985614,1.2257934416698006,0.01,True
154,58558.62849925,255.26125868170493,o,o,6857.1466693877555,6857.1466693877555,3.907160015803851e-17,-0.49960312233734605,3.907160015803851e-19,0.01,20.133475706336704,0.8792011970208904,0.01,True
155,58568.577754,265.21051343170257,o,o,6790.0,6790.0,8.518233103107738e-17,-0.1611147997884057,8.518233103107738e-19,0.01,19.287254899964356,0.03298039064854308,0.01,True
156,58570.6154695,267.24822893170494,o,o,6790.0,6790.0,4.078974071056937e-17,-0.4809133756093775,4.0789740710569373e-19,0.01,20.086751339516788,0.8324768302009744,0.01,True
157,58572.56498325,269.19774268170295,o,o,6751.988151020409,6751.988151020409,3.4886506449540695e-17,-0.5488068390611875,3.4886506449540694e-19,0.01,20.256484998146313,1.0022104888304995,0.01,True
158,58574.61788475,271.2506441817022,o,o,6790.0,6790.0,3.5242708825353965e-17,-0.5443950384731178,3.5242708825353967e-19,0.01,20.24545549667614,0.9911809873603268,0.01,True
159,58578.59314175,275.22590118170774,o,o,6790.0,6790.0,4.0062523212947095e-17,-0.4887260217408187,4.0062523212947093e-19,0.01,20.106282954845387,0.8520084455295738,0.01,True
160,58582.555993166665,279.1887525983693,o,o,6751.988151020409,6751.988151020409,3.720940786070608e-17,-0.5208115613966964,3.7209407860706085e-19,0.01,20.18649680398508,0.9322222946692662,0.01,True
161,58588.578945833324,285.2117052650283,o,o,6790.0,6790.0,3.630761175120723e-17,-0.5314666374920822,3.630761175120723e-19,0.01,20.21313449422355,0.9588599849077362,0.01,True
162,58590.569963,287.2027224317062,o,o,6790.0,6790.0,6.86106042794243e-17,-0.2550730759035513,6.86106042794243e-19,0.01,19.52215059025222,0.26787608093640713,0.01,True
163,58594.518276500006,291.1510359317108,o,o,5700.402967346939,5700.402967346939,7.903544352077269e-17,-0.19364242548950195,7.903544352077269e-19,0.01,19.368573964217095,0.1142994549012819,0.01,True
164,58596.54254275,293.1753021817058,o,o,7915.485534693877,7915.485534693877,5.067078814982413e-17,-0.3867066607418099,5.067078814982413e-19,0.01,19.85123455234786,0.5969600430320483,0.01,True
165,58598.534206799995,295.1669662316999,o,o,6751.988151020409,6751.988151020409,2.847733990804136e-17,-0.6369649011904297,2.847733990804136e-19,0.01,20.47688015346942,1.2226056441536066,0.01,True
166,58600.55581875,297.18857818170363,o,o,6790.0,6790.0,1.788062959803596e-16,0.16091848650772,1.788062959803596e-18,0.01,18.48217168422404,-0.7721028250917747,0.01,True
167,58606.553659749996,303.18641918170033,o,o,6790.0,6790.0,5.463309862290121e-17,-0.35400848716886024,5.463309862290122e-19,0.01,19.769489118415493,0.5152146090996794,0.01,True
168,58610.5220345,307.15479393170244,o,o,6790.0,6790.0,4.568846335487421e-17,-0.4316577686146861,4.568846335487421e-19,0.01,19.96361232203006,0.7093378127142458,0.01,True
169,58616.44668325,313.07944268170104,o,o,7798.775995918366,7798.775995918366,3.606109029696808e-17,-0.5344254668848745,3.606109029696808e-19,0.01,20.220531567705528,0.966257058389715,0.01,True
170,58618.45781325,315.0905726817073,o,o,6331.35407755102,6331.35407755102,6.612784714300561e-17,-0.2710799361909846,6.612784714300562e-19,0.01,19.562167740970803,0.3078932316549903,0.01,True
171,58620.43221666667,317.0649760983724,o,o,6790.0,6790.0,6.418380328385346e-17,-0.2840388721091447,6.418380328385346e-19,0.01,19.5945650807662,0.3402905714503852,0.01,True
172,58622.42951075001,319.06227018171194,o,o,6790.0,6790.0,8.763870760713804e-17,-0.1487683557715389,8.763870760713803e-19,0.01,19.256388789922184,0.0021142806063707553,0.01,True
173,58624.328869749996,320.9616291817001,o,o,6790.0,6790.0,4.3894968961032497e-17,-0.44904957397855405,4.38949689610325e-19,0.01,20.007091835439727,0.7528173261239139,0.01,True
174,58626.4287465,323.06150593170605,o,o,6790.0,6790.0,5.597230441700532e-17,-0.34349113277430554,5.597230441700532e-19,0.01,19.7431957324291,0.48892122311328734,0.01,True
175,58630.4125685,327.045327931708,o,o,6790.0,6790.0,3.937286389168847e-17,-0.49626731471953,3.9372863891688467e-19,0.01,20.125136187292163,0.8708616779763503,0.01,True
176,58634.409330250004,331.0420896817086,o,o,6790.0,6790.0,3.974527800057304e-17,-0.49217878121437586,3.974527800057304e-19,0.01,20.114914853529285,0.860640344213472,0.01,True
177,58642.3853955,339.0181549317058,o,o,8119.0488897959185,8119.0488897959185,3.937286389168847e-17,-0.49626731471953,3.9372863891688467e-19,0.01,20.125136187292163,0.8708616779763503,0.01,True
178,58644.432791249994,341.06555068169837,o,o,6751.988151020409,6751.988151020409,3.4947951514739987e-17,-0.5480425957228601,3.4947951514739986e-19,0.01,20.25457438980049,1.0002998804846754,0.01,True
179,58646.3879985,343.0207579317066,o,o,6857.1466693877555,6857.1466693877555,5.1449952473324717e-17,-0.3800793423208706,5.144995247332471e-19,0.01,19.83466625629552,0.5803917469797071,0.01,True
180,58648.3723845,345.00514393170306,o,o,6751.988151020409,6751.988151020409,4.9120320054013807e-17,-0.400203132360355,4.912032005401381e-19,0.01,19.88497573139423,0.6307012220784181,0.01,True
181,58650.40976475,347.04252418170654,o,o,6857.1466693877555,6857.1466693877555,7.373965129137567e-17,-0.2237632407090384,7.373965129137567e-19,0.01,19.443876002265938,0.18960149295012485,0.01,True
182,58654.36899925,351.0017586817048,o,o,8119.0488897959185,8119.0488897959185,5.0005156306018777e-17,-0.39244953110998715,5.000515630601878e-19,0.01,19.86559172826831,0.6113172189524967,0.01,True
183,58656.359671000006,352.9924304317101,o,o,6790.0,6790.0,3.720108347750136e-17,-0.5209087313962772,3.720108347750136e-19,0.01,20.186739728984037,0.9324652196682237,0.01,True
184,58658.36952875,355.0022881817058,o,o,6790.0,6790.0,9.849972796864525e-17,-0.09802928915415698,9.849972796864526e-19,0.01,19.12954112337873,-0.12473338593708405,0.01,True
185,58660.374521333324,357.00728076502855,o,o,6790.0,6790.0,2.2899107400239363e-16,0.2683542337703013,2.2899107400239365e-18,0.01,18.213582316067587,-1.0406921932482263,0.01,True
186,58662.398951250005,359.0317106817092,o,o,8119.0488897959185,8119.0488897959185,4.140619173591959e-17,-0.47439903139921746,4.140619173591959e-19,0.01,20.070465478991384,0.8161909696755707,0.01,True
187,58666.482557,363.11531643170747,o,o,6790.0,6790.0,5.090411544426261e-17,-0.38471142508615763,5.090411544426261e-19,0.01,19.846246463208736,0.5919719538929229,0.01,True
188,58672.35843950001,368.99119893171155,o,o,6857.1466693877555,6857.1466693877555,4.2427738762721646e-17,-0.46381443410427714,4.242773876272165e-19,0.01,20.04400398575403,0.7897294764382181,0.01,True
189,58675.36475575,371.99751518170524,o,o,6857.1466693877555,6857.1466693877555,5.61065195101866e-17,-0.3424509915562428,5.61065195101866e-19,0.01,19.740595379383947,0.48632087006813407,0.01,True
190,58676.317852,372.9506114317046,o,o,6790.0,6790.0,4.3122774248788145e-17,-0.45675762738171066,4.3122774248788146e-19,0.01,20.026361968947615,0.7720874596318019,0.01,True
191,58678.339276,374.97203543170326,o,o,8119.0488897959185,8119.0488897959185,6.622476151447962e-17,-0.2704439172307591,6.622476151447962e-19,0.01,19.560577693570238,0.3063031842544248,0.01,True
192,58680.33476925,376.96752868170734,o,o,6790.0,6790.0,5.423301177437318e-17,-0.3572005970405332,5.423301177437318e-19,0.01,19.777469393094677,0.5231948837788636,0.01,True
193,58682.251628499995,378.88438793169917,o,o,6790.0,6790.0,8.043720318645978e-17,-0.18600735853844874,8.043720318645978e-19,0.01,19.349486296839466,0.09521178752365245,0.01,True
194,58684.31424225,380.94700168170675,o,o,6751.988151020409,6751.988151020409,2.4733755509864006e-17,-0.6981742567158999,2.473375550986401e-19,0.01,20.629903542283092,1.3756290329672787,0.01,True
195,58688.321945625,384.9547050567053,o,o,8119.0488897959185,8119.0488897959185,2.0465492899988404e-17,-0.780442111394068,2.0465492899988405e-19,0.01,20.83557317897851,1.5812986696626972,0.01,True
196,58690.250315,386.88307443170197,o,o,6790.0,6790.0,4.80894232190472e-17,-0.4094147520323812,4.80894232190472e-19,0.01,19.90800478057429,0.6537302712584783,0.01,True
197,58694.316846500005,390.9496059317098,o,o,6857.1466693877555,6857.1466693877555,3.6854902308627024e-17,-0.524969055889903,3.6854902308627026e-19,0.01,20.196890540218096,0.9426160309022826,0.01,True
198,58710.260620999994,406.89338043169846,o,o,7331.937840816326,7331.937840816326,8.553904027253057e-17,-0.1592999469733858,8.553904027253057e-19,0.01,19.282717767926805,0.028443258610991506,0.01,True
199,58714.276522,410.9092814317046,o,o,6751.988151020409,6751.988151020409,4.0646117647766394e-17,-0.4824452503775003,4.0646117647766396e-19,0.01,20.09058102643709,0.836306517121276,0.01,True
200,58716.31155299999,412.94431243169674,o,o,7172.622224489796,7172.622224489796,2.805443368784955e-17,-0.6434628138651295,2.805443368784955e-19,0.01,20.493124935156164,1.2388504258403508,0.01,True
201,58726.236590249995,422.86934968169953,o,o,6228.102040816327,6228.102040816327,4.222234793312575e-17,-0.46592194001372356,4.2222347933125754e-19,0.01,20.04927275052765,0.7949982412118359,0.01,True
202,58732.276821,428.90958043170394,o,o,6751.988151020409,6751.988151020409,4.114320650968984e-17,-0.47716618467704386,4.114320650968984e-19,0.01,20.07738336218595,0.8231088528701385,0.01,True
203,58736.217753,432.85051243170165,o,o,6790.0,6790.0,3.8940494185635397e-16,0.49893713851724364,3.89404941856354e-18,0.01,17.637125054200233,-1.6171494551155803,0.01,True
204,58740.27719766667,436.90995709837443,o,o,6790.0,6790.0,1.7894886935238209e-16,0.16126463850223338,1.789488693523821e-18,0.01,18.481306304237755,-0.7729682050780582,0.01,True
205,58746.25256266666,442.8853220983656,o,o,6790.0,6790.0,3.61920842501082e-17,-0.5328507260184967,3.6192084250108196e-19,0.01,20.216594715539586,0.9623202062237723,0.01,True
206,58748.2750315,444.9077909317057,o,o,5634.714285714286,5634.714285714286,4.140619173591959e-17,-0.47439903139921746,4.140619173591959e-19,0.01,20.070465478991384,0.8161909696755707,0.01,True
207,58762.219728428565,458.8524878602693,o,o,6790.0,6790.0,3.935178272653248e-17,-0.496499908559235,3.9351782726532477e-19,0.01,20.125717671891426,0.8714431625756127,0.01,True
208,58772.20902325,468.84178268170217,o,o,6790.0,6790.0,6.852176963203934e-17,-0.2556357497851085,6.852176963203934e-19,0.01,19.523557274956108,0.26928276564029474,0.01,True
209,58866.6432305,563.2759899317025,o,o,6790.0,6790.0,3.549096248084931e-17,-0.5413465430848792,3.549096248084931e-19,0.01,20.23783425820554,0.9835597488897285,0.01,True
210,58870.588372,567.2211314317028,o,o,6790.0,6790.0,3.183486666681725e-17,-0.5885612849829638,3.183486666681725e-19,0.01,20.355871112950755,1.1015966036349418,0.01,True
211,58878.63324724999,575.266006681697,o,o,6226.195559183673,6226.195559183673,2.8228447229285815e-17,-0.6407773308054896,2.8228447229285816e-19,0.01,20.48641122750707,1.2321367181912564,0.01,True
212,58882.649289999994,579.2820494316984,o,o,6790.0,6790.0,3.00083334810403e-17,-0.6142224427804788,3.00083334810403e-19,0.01,20.42002400744454,1.1657494981287257,0.01,True
213,58894.62395566667,591.2567150983741,o,o,6790.0,6790.0,3.6191044463337235e-17,-0.532863203336488,3.6191044463337237e-19,0.01,20.21662590883456,0.9623513995187452,0.01,True
214,58902.603085250004,599.2358446817088,o,o,6790.0,6790.0,3.261918621315468e-17,-0.5779911982262522,3.261918621315468e-19,0.01,20.329445896058974,1.0751713867431612,0.01,True
215,58910.595909749994,607.2286691816989,o,o,6790.0,6790.0,3.183486666681725e-17,-0.5885612849829638,3.183486666681725e-19,0.01,20.355871112950755,1.1015966036349418,0.01,True
216,58914.6265555,611.2593149317036,o,o,8119.0488897959185,8119.0488897959185,2.9042991794002607e-17,-0.6284229681069871,2.904299179400261e-19,0.01,20.455525320760813,1.201250811445,0.01,True
217,58918.63667925,615.269438681702,o,o,6790.0,6790.0,6.358032697760936e-17,-0.288141563190182,6.358032697760936e-19,0.01,19.60482180846879,0.35054729915297855,0.01,True
218,58934.5360305,631.1687899317039,o,o,6790.0,6790.0,1.5808470228678888e-16,0.10742552544069461,1.5808470228678888e-18,0.01,18.615904086891604,-0.6383704224242095,0.01,True
219,58938.59751675,635.2302761817045,o,o,6790.0,6790.0,3.1104532222616975e-17,-0.5986406458173956,3.1104532222616977e-19,0.01,20.38106951503683,1.1267950057210179,0.01,True
220,58942.54645825,639.1792176817034,o,o,6790.0,6790.0,3.860068827654145e-17,-0.5048692717348597,3.860068827654145e-19,0.01,20.146641079830495,0.8923665705146817,0.01,True
221,58946.5513155,643.1840749317053,o,o,6790.0,6790.0,9.974756137751373e-17,-0.09256203335908175,9.974756137751374e-19,0.01,19.115872983891045,-0.13840152542476858,0.01,True
222,58950.52419075,647.1569501817066,o,o,6790.0,6790.0,4.7311293939961465e-17,-0.41649949429639754,4.731129393996147e-19,0.01,19.92571663623433,0.6714421269185173,0.01,True
223,58958.617175800005,655.24993523171,o,o,6790.0,6790.0,3.4194280824148645e-17,-0.5575108461803264,3.4194280824148644e-19,0.01,20.27824501594416,1.0239705066283484,0.01,True
224,58962.500824875,659.1335843067063,o,o,7915.485534693877,7915.485534693877,2.6461210388153253e-17,-0.6688546144465288,2.646121038815325e-19,0.01,20.556604436609668,1.3023299272938544,0.01,True
225,58966.4218665,663.0546259317052,o,o,6790.0,6790.0,2.484087043125942e-17,-0.6962975106668399,2.484087043125942e-19,0.01,20.625211677160443,1.3709371678446303,0.01,True
226,58970.454708000005,667.0874674317092,o,o,8032.195073469386,8032.195073469386,3.6854902308627024e-17,-0.524969055889903,3.6854902308627026e-19,0.01,20.196890540218096,0.9426160309022826,0.01,True
227,58972.487989999994,669.1207494316986,o,o,8119.0488897959185,8119.0488897959185,4.7722520047386934e-17,-0.4127409511744293,4.772252004738693e-19,0.01,19.91632027842941,0.6620457691135968,0.01,True
228,58974.438340750006,671.0711001817108,o,o,8148.904612244896,8148.904612244896,6.196967578239431e-17,-0.2992850962607019,6.196967578239432e-19,0.01,19.632680641145093,0.37840613182927996,0.01,True
229,58976.428703000005,673.0614624317095,o,o,6331.35407755102,6331.35407755102,8.895859401507691e-17,-0.14227640994627855,8.895859401507692e-19,0.01,19.240158925359033,-0.014115583956780142,0.01,True
230,58978.463828625,675.0965880567019,o,o,7798.775995918366,7798.775995918366,3.4508636755477186e-17,-0.5535365171736881,3.4508636755477185e-19,0.01,20.268309193427566,1.0140346841117527,0.01,True
231,58980.47682699999,677.1095864316958,o,o,6790.0,6790.0,8.477525893975394e-17,-0.16319519526932247,8.477525893975394e-19,0.01,19.292455888666648,0.03818137935083499,0.01,True
232,58982.413328124996,679.0460875567005,o,o,6790.0,6790.0,2.2556136477573872e-17,-0.7381996065866385,2.255613647757387e-19,0.01,20.72996691695994,1.4756924076441251,0.01,True
233,58986.47472575,683.1074851817029,o,o,8119.0488897959185,8119.0488897959185,2.956765854293141e-17,-0.6206473860487041,2.956765854293141e-19,0.01,20.436086365615104,1.1818118562992908,0.01,True
234,58990.38525275,687.0180121817029,o,o,6790.0,6790.0,2.798794031030868e-17,-0.6444933812176412,2.798794031030868e-19,0.01,20.495701353537445,1.2414268442216319,0.01,True
235,58994.45697666667,691.0897360983727,o,o,8119.0488897959185,8119.0488897959185,3.8641461375779625e-17,-0.5044107776682498,3.8641461375779625e-19,0.01,20.14549484466397,0.8912203353481551,0.01,True
236,58998.4376815,695.0704409317041,o,o,6751.988151020409,6751.988151020409,3.144190095756651e-17,-0.59395552490931,3.144190095756651e-19,0.01,20.369356712766617,1.1150822034508039,0.01,True
237,59000.3998475,697.0326069317016,o,o,5700.402967346939,5700.402967346939,4.590171790339687e-17,-0.42963538063039586,4.590171790339688e-19,0.01,19.958556352069326,0.7042818427535131,0.01,True
238,59002.4388495,699.0716089317066,o,o,6790.0,6790.0,4.796246104142115e-17,-0.41056286080068993,4.796246104142115e-19,0.01,19.91087505249506,0.6566005431792483,0.01,True
239,59004.498813750004,701.1315731817085,o,o,5708.887755102041,5708.887755102041,6.407545998196334e-17,-0.2847725876811129,6.407545998196334e-19,0.01,19.59639936969612,0.34212486038030576,0.01,True
240,59006.460653,703.0934124317064,o,o,6790.0,6790.0,5.97953678372202e-17,-0.31479677840481024,5.979536783722021e-19,0.01,19.671459846505364,0.41718533718955086,0.01,True
241,59008.41267024999,705.045429681697,o,o,6790.0,6790.0,1.035155619419064e-16,-0.0764586761739352,1.035155619419064e-18,0.01,19.07561459092818,-0.17865991838763406,0.01,True
242,59010.37891500001,707.0116744317129,o,o,6790.0,6790.0,4.2602631308197097e-17,-0.4620278965536908,4.2602631308197096e-19,0.01,20.039537641877565,0.7852631325617523,0.01,True
243,59011.42286599999,708.055625431698,o,o,6790.0,6790.0,3.261918621315468e-17,-0.5779911982262522,3.261918621315468e-19,0.01,20.329445896058974,1.0751713867431612,0.01,True
244,59014.371631999995,711.0043914316993,o,o,6790.0,6790.0,3.183486666681725e-17,-0.5885612849829638,3.183486666681725e-19,0.01,20.355871112950755,1.1015966036349418,0.01,True
245,59018.39214475,715.0249041817078,o,o,6790.0,6790.0,5.709992930765658e-17,-0.3348287496722211,5.709992930765658e-19,0.01,19.721539774673897,0.4672652653580833,0.01,True
246,59026.358777,722.9915364317058,o,o,8108.571428571428,8108.571428571428,3.356426215227266e-17,-0.5655872157704476,3.356426215227266e-19,0.01,20.298435939919464,1.0441614306036513,0.01,True
247,59028.371368500004,725.0041279317084,o,o,5700.402967346939,5700.402967346939,3.7569723991275025e-17,-0.5166263157428919,3.7569723991275023e-19,0.01,20.176033689850573,0.9217591805347602,0.01,True
248,59030.350013250005,726.9827726817093,o,o,6790.0,6790.0,3.39319141323404e-17,-0.5608559609307608,3.39319141323404e-19,0.01,20.286607802820246,1.0323332935044327,0.01,True
249,59032.33872425,728.9714836817075,o,o,6790.0,6790.0,4.7722520047386934e-17,-0.4127409511744293,4.772252004738693e-19,0.01,19.91632027842941,0.6620457691135968,0.01,True
250,59034.361023749996,730.9937831817006,o,o,6228.102040816327,6228.102040816327,5.93597215363427e-17,-0.31797246529419176,5.93597215363427e-19,0.01,19.679399063728823,0.42512455441301,0.01,True
251,59036.35825775,732.9910171817028,o,o,5700.402967346939,5700.402967346939,5.184558997840728e-17,-0.3767524993334792,5.184558997840728e-19,0.01,19.82634914882704,0.5720746395112251,0.01,True
252,59038.334122333334,734.9668817650381,o,o,6751.988151020409,6751.988151020409,4.21543215008505e-17,-0.4666222167788501,4.21543215008505e-19,0.01,20.051023442440467,0.796748933124654,0.01,True
253,59042.337918,738.9706774317019,o,o,8119.0488897959185,8119.0488897959185,4.687050198004791e-17,-0.4205647154308654,4.687050198004791e-19,0.01,19.935879689070504,0.6816051797546905,0.01,True
254,59046.327806999994,742.9605664316987,o,o,6790.0,6790.0,7.22016874735958e-17,-0.23291697236876452,7.22016874735958e-19,0.01,19.466760331415255,0.2124858220994419,0.01,True
255,59050.31046375,746.9432231817045,o,o,6857.1466693877555,6857.1466693877555,2.5182204457214126e-17,-0.6903705745455309,2.518220445721413e-19,0.01,20.610394336857166,1.3561198275413524,0.01,True
256,59054.298408250004,750.9311676817088,o,o,6751.988151020409,6751.988151020409,2.6281890168426546e-17,-0.6718077241867295,2.6281890168426546e-19,0.01,20.563987210960164,1.3097127016443508,0.01,True
257,59058.313253,754.9460124317047,o,o,6790.0,6790.0,5.543592620589584e-17,-0.34767301226190916,5.543592620589584e-19,0.01,19.753650431148113,0.49937592183229995,0.01,True
258,59060.31440925,756.9471686817051,o,o,6751.988151020409,6751.988151020409,4.548091415832892e-17,-0.4336351348961376,4.548091415832893e-19,0.01,19.968555737733688,0.7142812284178746,0.01,True
259,59062.295458,758.928217431705,o,o,5700.402967346939,5700.402967346939,5.113016419399166e-17,-0.3827871328657668,5.1130164193991665e-19,0.01,19.841435732657754,0.5871612233419405,0.01,True
260,59064.28828175001,760.9210411817112,o,o,8119.0488897959185,8119.0488897959185,6.139171754316957e-17,-0.30335453652618405,6.1391717543169575e-19,0.01,19.642854241808802,0.38857973249298894,0.01,True
261,59068.33782466667,764.9705840983734,o,o,8119.0488897959185,8119.0488897959185,4.191674537091143e-17,-0.4690767657873085,4.1916745370911436e-19,0.01,20.05715981496161,0.8028853056457983,0.01,True
262,59070.284315,766.9170744317016,o,o,6751.988151020409,6751.988151020409,3.2236215343110846e-17,-0.5831202719749253,3.2236215343110845e-19,0.01,20.34226858043066,1.0879940711148457,0.01,True
263,59074.3117105,770.9444699317028,o,o,6790.0,6790.0,3.069585877158472e-17,-0.6043845321901653,3.069585877158472e-19,0.01,20.395429230968755,1.141154721652942,0.01,True
264,59078.25939666667,774.8921560983727,o,o,6751.988151020409,6751.988151020409,3.7066951349805885e-17,-0.5224774522161209,3.706695134980589e-19,0.01,20.190661531033648,0.9363870217178345,0.01,True
265,59082.29674925,778.9295086817074,o,o,5700.402967346939,5700.402967346939,3.61594612245077e-17,-0.5332423693723047,3.6159461224507697e-19,0.01,20.217573823924106,0.9632993146082924,0.01,True
266,59084.304646875,780.937406306708,o,o,7172.622224489796,7172.622224489796,2.4071381429306925e-17,-0.7099633055833419,2.407138142930693e-19,0.01,20.6593761644517,1.405101655135887,0.01,True
267,59086.23979775,782.8725571817049,o,o,6857.1466693877555,6857.1466693877555,5.13959439203957e-17,-0.3805354736686706,5.13959439203957e-19,0.01,19.835806584665015,0.5815320753492017,0.01,True
268,59088.244305375,784.8770648067075,o,o,7172.622224489796,7172.622224489796,3.116424970086719e-17,-0.597807644803817,3.116424970086719e-19,0.01,20.378987012502883,1.1247125031870695,0.01,True
269,59090.23385166667,786.8666110983759,o,o,6857.1466693877555,6857.1466693877555,6.808999239103362e-17,-0.2583810345953115,6.808999239103362e-19,0.01,19.53042048698162,0.27614597766580573,0.01,True
270,59092.272098,788.9048574317058,o,o,6790.0,6790.0,6.139171754316957e-17,-0.30335453652618405,6.1391717543169575e-19,0.01,19.642854241808802,0.38857973249298894,0.01,True
271,59094.2360845,790.8688439317048,o,o,6790.0,6790.0,1.6502012706717593e-16,0.1260725969486085,1.6502012706717594e-18,0.01,18.56928640812182,-0.6849881011939942,0.01,True
272,59098.234289500004,794.8670489317083,o,o,6857.1466693877555,6857.1466693877555,3.5037257263306845e-17,-0.5469342182375652,3.5037257263306844e-19,0.01,20.25180344608725,0.9975289367714382,0.01,True
273,59106.234855999995,802.8676154317,o,o,6790.0,6790.0,3.214877719008399e-17,-0.5842998614792041,3.214877719008399e-19,0.01,20.34521755419135,1.0909430448755373,0.01,True
274,59122.232303749995,818.8650631817,o,o,6790.0,6790.0,6.228470626712082e-17,-0.29708289957278744,6.2284706267120825e-19,0.01,19.627175149425305,0.3729006401094921,0.01,True
275,59130.215263499995,826.8480229316992,o,o,6751.988151020409,6751.988151020409,3.9780714295418107e-17,-0.49179174326905617,3.978071429541811e-19,0.01,20.113947258665984,0.859672749350171,0.01,True
276,59214.617156249995,911.2499156816993,o,o,6790.0,6790.0,6.027403915606613e-17,-0.3113340243369951,6.027403915606613e-19,0.01,19.662802961335828,0.40852845202001475,0.01,True
277,59216.648706500004,913.2814659317082,o,o,6790.0,6790.0,7.637707626423142e-17,-0.208501290800152,7.637707626423143e-19,0.01,19.40572112749372,0.15144661817790706,0.01,True
278,59222.65686825,919.2896276817046,o,o,6790.0,6790.0,4.7605864362476824e-17,-0.41380386534929947,4.760586436247683e-19,0.01,19.918977563866587,0.6647030545507739,0.01,True
279,59242.655177,939.287936431705,o,o,6790.0,6790.0,6.598616700511003e-17,-0.2720114183818527,6.598616700511004e-19,0.01,19.56449644644797,0.3102219371321553,0.01,True
280,59244.64029733333,941.273056765036,o,o,6790.0,6790.0,6.62238326904881e-17,-0.27045000839596334,6.62238326904881e-19,0.01,19.56059292148325,0.3063184121674354,0.01,True
281,59252.652700000006,949.2854594317105,o,o,8108.571428571428,8108.571428571428,4.079981197087913e-17,-0.4808061586273791,4.0799811970879133e-19,0.01,20.086483297061793,0.8322087877459801,0.01,True
282,59270.435651249994,967.0684106816989,o,o,8148.904612244896,8148.904612244896,7.856478770785055e-17,-0.1962363789183268,7.856478770785055e-19,0.01,19.37505884778916,0.1207843384733458,0.01,True
283,59278.6126205,975.2453799317009,o,o,5634.714285714286,5634.714285714286,7.311491978515786e-17,-0.22745831237820902,7.311491978515786e-19,0.01,19.45311368143886,0.1988391721230478,0.01,True
284,59294.562782,991.1955414317054,o,o,6790.0,6790.0,2.2664977497183325e-17,-0.7361090280341447,2.2664977497183327e-19,0.01,20.724740470578702,1.4704659612628888,0.01,True
285,59298.54764475,995.1804041817013,o,o,6790.0,6790.0,4.128759524980264e-17,-0.4756447316309771,4.128759524980264e-19,0.01,20.07357972957078,0.819305220254968,0.01,True
286,59300.536518500005,997.1692779317091,o,o,6790.0,6790.0,8.22765607039735e-16,0.8238118089341882,8.22765607039735e-18,0.01,16.82493837815787,-2.4293361311579424,0.01,True
287,59304.520464,1001.1532234317056,o,o,8156.612244897959,8156.612244897959,1.6182538253995948e-16,0.11758232208059916,1.6182538253995949e-18,0.01,18.590512095291842,-0.6637624140239708,0.01,True
288,59320.463797,1017.0965564317012,o,o,6751.988151020409,6751.988151020409,3.954893940728585e-17,-0.4943294788237882,3.954893940728585e-19,0.01,20.120291597552814,0.8660170882370011,0.01,True
289,59324.48290125,1021.1156606817021,o,o,7798.775995918366,7798.775995918366,3.346448719078034e-17,-0.5668801459723998,3.346448719078034e-19,0.01,20.301668265424343,1.04739375610853,0.01,True
290,59326.45284533334,1023.085604765045,o,o,6790.0,6790.0,6.323982374474619e-17,-0.29047366939896513,6.323982374474619e-19,0.01,19.610652073990753,0.35637756467493986,0.01,True
291,59328.47520725,1025.1079666817022,o,o,8119.0488897959185,8119.0488897959185,6.387965265212848e-17,-0.2861017742605707,6.3879652652128475e-19,0.01,19.599722336144765,0.34544782682895203,0.01,True
292,59330.51377125,1027.1465306817045,o,o,6790.0,6790.0,1.2313791754744438e-16,-0.0010725155153608057,1.2313791754744438e-18,0.01,18.887149189281743,-0.36712532003407006,0.01,True
293,59332.541535,1029.1742944317011,o,o,6790.0,6790.0,6.359817456777546e-17,-0.2880196697902573,6.359817456777546e-19,0.01,19.60451707496898,0.35024256565316847,0.01,True
294,59334.43683425,1031.0695936817065,o,o,7682.066457142856,7682.066457142856,3.3778497779205907e-17,-0.5628239888229505,3.3778497779205906e-19,0.01,20.291527872550716,1.0372533632349032,0.01,True
295,59342.426506250005,1039.0592656817098,o,o,6790.0,6790.0,2.829667375879587e-17,-0.6397289325302804,2.829667375879587e-19,0.01,20.483790231819043,1.2295157225032298,0.01,True
296,59346.40696125,1043.039720681707,o,o,8119.0488897959185,8119.0488897959185,3.069585877158472e-17,-0.6043845321901653,3.069585877158472e-19,0.01,20.395429230968755,1.141154721652942,0.01,True
297,59350.474941222215,1047.10770065392,o,o,8127.959183673469,8127.959183673469,2.1429915478187726e-17,-0.7604438620991569,2.1429915478187727e-19,0.01,20.785577555741238,1.5313030464254247,0.01,True
298,59354.3890435,1051.0218029317039,o,o,6857.1466693877555,6857.1466693877555,3.5242708825353965e-17,-0.5443950384731178,3.5242708825353967e-19,0.01,20.24545549667614,0.9911809873603268,0.01,True
299,59356.40343266667,1053.0361920983778,o,o,8032.195073469386,8032.195073469386,5.75254403199633e-17,-0.33160436864563003,5.752544031996331e-19,0.01,19.71347882210741,0.45920431279159857,0.01,True
300,59358.439742,1055.0725014317068,o,o,6857.1466693877555,6857.1466693877555,4.371775493442377e-17,-0.4508064689912903,4.371775493442377e-19,0.01,20.01148407297157,0.7572095636557563,0.01,True
301,59360.446089000005,1057.078848431709,o,o,6790.0,6790.0,3.67711977266146e-17,-0.5259565441236287,3.67711977266146e-19,0.01,20.199359260802417,0.9450847514866041,0.01,True
302,59362.456321375,1059.0890808067052,o,o,8108.571428571428,8108.571428571428,4.41141472951837e-17,-0.4468864312971288,4.41141472951837e-19,0.01,20.00168397873616,0.7474094694203472,0.01,True
303,59364.493767750006,1061.1265271817101,o,o,6790.0,6790.0,5.1340628214751895e-17,-0.3810031417550359,5.1340628214751895e-19,0.01,19.836975754880932,0.5827012455651186,0.01,True
304,59368.406365,1065.039124431707,o,o,8108.571428571428,8108.571428571428,3.2426136870959815e-17,-0.5805691087122558,3.2426136870959816e-19,0.01,20.335890672273983,1.08161616295817,0.01,True
305,59372.46471425,1069.097473681708,o,o,6790.0,6790.0,3.7307715668479087e-17,-0.5196656620062949,3.7307715668479086e-19,0.01,20.18363205550908,0.9293575461932662,0.01,True
306,59376.468019750006,1073.10077918171,o,o,6857.1466693877555,6857.1466693877555,3.699919113186391e-17,-0.5232720905209884,3.699919113186391e-19,0.01,20.192648126795813,0.9383736174799999,0.01,True
307,59382.38110871429,1079.013868145994,o,o,6857.1466693877555,6857.1466693877555,2.6625257124897775e-17,-0.6661705097148403,2.6625257124897774e-19,0.01,20.54989417478044,1.2956196654646277,0.01,True
308,59384.3651595,1080.9979189317019,o,o,8032.195073469386,8032.195073469386,4.264628163607674e-17,-0.46158314957608404,4.264628163607674e-19,0.01,20.03842577443355,0.7841512651177354,0.01,True
309,59386.4690955,1083.1018549317014,o,o,6751.988151020409,6751.988151020409,6.746912170906448e-17,-0.26235926355309935,6.746912170906448e-19,0.01,19.54036605937609,0.2860915500602772,0.01,True
310,59388.380461,1085.0132204317051,o,o,6790.0,6790.0,6.29802323370048e-17,-0.2922600618058109,6.29802323370048e-19,0.01,19.61511805500787,0.360843545692056,0.01,True
311,59390.345866250005,1086.9786256817097,o,o,8119.0488897959185,8119.0488897959185,8.674016664151374e-17,-0.15324406808021784,8.674016664151373e-19,0.01,19.267578070693887,0.013303561378073425,0.01,True
312,59392.34115125,1088.973910681707,o,o,6751.988151020409,6751.988151020409,4.409236384429013e-17,-0.44710093774546245,4.409236384429014e-19,0.01,20.002220244856996,0.7479457355411832,0.01,True
313,59394.3610975,1090.9938569317019,o,o,7915.485534693877,7915.485534693877,2.935691893691511e-17,-0.6237538466173813,2.935691893691511e-19,0.01,20.44385251703679,1.1895780077209785,0.01,True
314,59398.342048666666,1094.97480809837,o,o,6790.0,6790.0,3.0302665940583825e-17,-0.609983482090902,3.0302665940583827e-19,0.01,20.409426605720597,1.155152096404784,0.01,True
315,59402.368124,1099.000883431705,o,o,5700.402967346939,5700.402967346939,2.6281890168426546e-17,-0.6718077241867295,2.6281890168426546e-19,0.01,20.563987210960164,1.3097127016443508,0.01,True
316,59406.33360975,1102.966369181704,o,o,6857.1466693877555,6857.1466693877555,2.433780886602206e-17,-0.7051828441386814,2.433780886602206e-19,0.01,20.647425010840045,1.3931505015242323,0.01,True
317,59410.320915,1106.953674431701,o,o,7798.775995918366,7798.775995918366,3.305134537361031e-17,-0.5722751778591064,3.305134537361031e-19,0.01,20.315155845141106,1.060881335825293,0.01,True
318,59412.358237750006,1108.9909971817106,o,o,6790.0,6790.0,3.995507235428242e-17,-0.4898923987785775,3.995507235428242e-19,0.01,20.109198897439782,0.854924388123969,0.01,True
319,59414.31571025,1110.9484696817017,o,o,5700.402967346939,5700.402967346939,4.222234793312575e-17,-0.46592194001372356,4.2222347933125754e-19,0.01,20.04927275052765,0.7949982412118359,0.01,True
320,59416.309725499996,1112.9424849317002,o,o,6790.0,6790.0,9.086456242323997e-17,-0.13306978074702336,9.086456242323996e-19,0.01,19.217142352360902,-0.03713215695491101,0.01,True
321,59418.342724500006,1114.9754839317102,o,o,8108.571428571428,8108.571428571428,7.294255715426513e-17,-0.22848333589361935,7.294255715426514e-19,0.01,19.45567624022739,0.2014017309115772,0.01,True
322,59420.29784925,1116.9306086817014,o,o,6790.0,6790.0,5.597230441700532e-17,-0.34349113277430554,5.597230441700532e-19,0.01,19.7431957324291,0.48892122311328734,0.01,True
323,59422.32205325,1118.9548126817026,o,o,8108.571428571428,8108.571428571428,3.631585905245546e-17,-0.5313679983772506,3.631585905245546e-19,0.01,20.212887896436467,0.9586133871206535,0.01,True
324,59424.28428266667,1120.917042098372,o,o,6790.0,6790.0,3.73572541781959e-17,-0.5190893728947419,3.73572541781959e-19,0.01,20.182191332730195,0.9279168234143818,0.01,True
325,59428.372728250004,1125.0054876817085,o,o,6790.0,6790.0,5.437969723776311e-17,-0.3560275349442765,5.437969723776311e-19,0.01,19.774536737854028,0.5202622285382148,0.01,True
326,59432.3167705,1128.949529931706,o,o,6790.0,6790.0,4.8532711673037244e-17,-0.4054297628697423,4.853271167303725e-19,0.01,19.898042307667698,0.6437677983518846,0.01,True
327,59436.3016095,1132.934368931703,o,o,6751.988151020409,6751.988151020409,3.631585905245546e-17,-0.5313679983772506,3.631585905245546e-19,0.01,20.212887896436467,0.9586133871206535,0.01,True
328,59440.257391499996,1136.8901509317002,o,o,7798.775995918366,7798.775995918366,3.907160015803851e-17,-0.49960312233734605,3.907160015803851e-19,0.01,20.133475706336704,0.8792011970208904,0.01,True
329,59442.2737355,1138.9064949317035,o,o,6790.0,6790.0,3.261918621315468e-17,-0.5779911982262522,3.261918621315468e-19,0.01,20.329445896058974,1.0751713867431612,0.01,True
330,59444.296512500005,1140.929271931709,o,o,6790.0,6790.0,5.463309862290121e-17,-0.35400848716886024,5.463309862290122e-19,0.01,19.769489118415493,0.5152146090996794,0.01,True
331,59446.2572405,1142.8899999317073,o,o,8119.0488897959185,8119.0488897959185,4.161112529389193e-17,-0.4722548596202376,4.161112529389193e-19,0.01,20.065105049543938,0.8108305402281246,0.01,True
332,59448.251387749995,1144.8841471816995,o,o,6857.1466693877555,6857.1466693877555,5.874440765287988e-17,-0.32249779127415756,5.874440765287988e-19,0.01,19.690712378678736,0.4364378693629227,0.01,True
333,59452.252893749996,1148.8856531817,o,o,8119.0488897959185,8119.0488897959185,3.465063882642135e-17,-0.5517530744763288,3.4650638826421354e-19,0.01,20.263850586684164,1.0095760773683509,0.01,True
334,59458.25229675,1154.8850561817017,o,o,8156.612244897959,8156.612244897959,4.5816567637023617e-17,-0.4304417694813214,4.581656763702362e-19,0.01,19.960572324196647,0.7062978148808341,0.01,True
335,59484.22160825,1180.8543676817062,o,o,8119.0488897959185,8119.0488897959185,5.932850574497092e-17,-0.31820090996076367,5.932850574497092e-19,0.01,19.67997017539525,0.425695666079438,0.01,True
336,59486.226000999995,1182.8587604317,o,o,8119.0488897959185,8119.0488897959185,6.964696890159171e-17,-0.24856209995503242,6.964696890159172e-19,0.01,19.505873150380918,0.25159864106510454,0.01,True
337,59492.21824175,1188.8510011817052,o,o,6790.0,6790.0,7.399263896197679e-17,-0.22227580344606856,7.3992638961976785e-19,0.01,19.440157409108515,0.185882899792702,0.01,True
338,59508.21060875,1204.8433681817041,o,o,6790.0,6790.0,1.5516619756726514e-16,0.099332797396114,1.5516619756726514e-18,0.01,18.636135907003055,-0.618138602312758,0.01,True
339,59566.6351215,1263.2678809317076,o,o,6790.0,6790.0,7.260221821804298e-17,-0.23051443032494312,7.260221821804298e-19,0.01,19.460753976305696,0.20647946698988306,0.01,True
340,59590.615435750005,1287.24819518171,o,o,6790.0,6790.0,4.1936749597897465e-17,-0.46886955377872575,4.1936749597897464e-19,0.01,20.056641784940155,0.8023672756243414,0.01,True
341,59598.61008700001,1295.2428464317127,o,o,6790.0,6790.0,8.189855387948787e-17,-0.17818808695153088,8.189855387948787e-19,0.01,19.32993811787217,0.07566360855635779,0.01,True
342,59604.6281945,1301.2609539317054,o,o,6790.0,6790.0,3.7923849019431244e-17,-0.5125519113261046,3.7923849019431244e-19,0.01,20.1658476788086,0.9115731694927867,0.01,True
343,59608.589578,1305.2223374317036,o,o,6790.0,6790.0,3.793664464530241e-17,-0.5124054037173966,3.793664464530241e-19,0.01,20.165481409786835,0.9112069004710222,0.01,True
344,59609.6557175,1306.2884769317025,o,o,6790.0,6790.0,4.505922806271332e-17,-0.43768057295555884,4.505922806271332e-19,0.01,19.978669332882234,0.7243948235664206,0.01,True
345,59613.580074,1310.2128334317022,o,o,6790.0,6790.0,3.7569723991275025e-17,-0.5166263157428919,3.7569723991275023e-19,0.01,20.176033689850573,0.9217591805347602,0.01,True
346,59621.5817195,1318.2144789317026,o,o,6790.0,6790.0,4.024805826377308e-17,-0.486719387231604,4.024805826377308e-19,0.01,20.101266368572354,0.8469918592565406,0.01,True
347,59623.57851225,1320.2112716817064,o,o,6751.988151020409,6751.988151020409,4.754820938682287e-17,-0.4143301537121271,4.754820938682287e-19,0.01,19.92029328477366,0.6660187754578466,0.01,True
348,59625.65020275,1322.2829621817073,o,o,6857.1466693877555,6857.1466693877555,7.539103045898243e-17,-0.21414464086921292,7.5391030458982425e-19,0.01,19.419829502666374,0.16555499335056112,0.01,True
349,59627.63125375,1324.2640131817025,o,o,6790.0,6790.0,6.23100040441573e-17,-0.29690654079969114,6.23100040441573e-19,0.01,19.626734252492568,0.3724597431767549,0.01,True
350,59629.550728500006,1326.1834879317103,o,o,6790.0,6790.0,7.946472343103118e-17,-0.19128994402960053,7.946472343103118e-19,0.01,19.36269276056734,0.10841825125152837,0.01,True
351,59631.563036499996,1328.1957959317006,o,o,6790.0,6790.0,4.1765262009898174e-17,-0.47064910999148246,4.1765262009898175e-19,0.01,20.061090675472045,0.8068161661562314,0.01,True
352,59633.60977675,1330.2425361817077,o,o,6790.0,6790.0,4.548091415832892e-17,-0.4336351348961376,4.548091415832893e-19,0.01,19.968555737733688,0.7142812284178746,0.01,True
353,59635.60091625,1332.2336756817022,o,o,6790.0,6790.0,3.699919113186391e-17,-0.5232720905209884,3.699919113186391e-19,0.01,20.192648126795813,0.9383736174799999,0.01,True
354,59637.54254625,1334.1753056817033,o,o,6751.988151020409,6751.988151020409,4.0397264627947615e-17,-0.4851123610026722,4.0397264627947617e-19,0.01,20.097248803000024,0.8429742936842111,0.01,True
355,59641.61836575,1338.251125181705,o,o,6751.988151020409,6751.988151020409,3.631585905245546e-17,-0.5313679983772506,3.631585905245546e-19,0.01,20.212887896436467,0.9586133871206535,0.01,True
356,59645.54051975,1342.1732791817049,o,o,6790.0,6790.0,4.403365483002514e-17,-0.4476795864825487,4.403365483002514e-19,0.01,20.003666866699717,0.7493923573839041,0.01,True
357,59649.586635,1346.2193944317041,o,o,6790.0,6790.0,3.325613430000394e-17,-0.5695925549057765,3.3256134300003943e-19,0.01,20.30844928775778,1.0541747784419684,0.01,True
358,59653.534864999994,1350.1676244316986,o,o,6790.0,6790.0,7.54248671537585e-17,-0.2139497663194323,7.54248671537585e-19,0.01,19.419342316291917,0.16506780697610424,0.01,True
359,59657.55764025,1354.1903996817055,o,o,6790.0,6790.0,7.965901268184018e-17,-0.19022940091375595,7.965901268184019e-19,0.01,19.360041402777732,0.1057668934619187,0.01,True
360,59665.549319749996,1362.1820791817008,o,o,6790.0,6790.0,4.5329954994366655e-17,-0.43507903237016343,4.532995499436665e-19,0.01,19.97216548141875,0.7178909721029356,0.01,True
361,59669.52555225,1366.1583116817055,o,o,6790.0,6790.0,3.816749096880807e-17,-0.5097707087395786,3.8167490968808075e-19,0.01,20.15889467234229,0.9046201630264754,0.01,True
362,59677.514869499995,1374.1476289316997,o,o,6857.1466693877555,6857.1466693877555,4.548091415832892e-17,-0.4336351348961376,4.548091415832893e-19,0.01,19.968555737733688,0.7142812284178746,0.01,True
363,59681.50538049999,1378.138139931696,o,o,6790.0,6790.0,7.012836892151392e-17,-0.2455705822502683,7.012836892151392e-19,0.01,19.49839435611901,0.24411984680319776,0.01,True
364,59683.529507875006,1380.1622673067104,o,o,6790.0,6790.0,7.578163488891461e-17,-0.2119003498706089,7.578163488891462e-19,0.01,19.414218775169864,0.15994426585405108,0.01,True
365,59687.45765128571,1384.0904107174138,o,o,8108.571428571428,8108.571428571428,5.734248857749754e-17,-0.3329877834970265,5.734248857749754e-19,0.01,19.716937359235907,0.4626628499200933,0.01,True
366,59689.54156,1386.1743194317023,o,o,6790.0,6790.0,7.430148174401868e-17,-0.220466845554812,7.430148174401868e-19,0.01,19.43563501438037,0.18136050506455703,0.01,True
367,59693.458707000005,1390.0914664317097,o,o,7798.775995918366,7798.775995918366,4.7311293939961465e-17,-0.41649949429639754,4.731129393996147e-19,0.01,19.92571663623433,0.6714421269185173,0.01,True
368,59697.5188735,1394.151632931702,o,o,6790.0,6790.0,4.299403521717652e-17,-0.4580561123820619,4.2994035217176517e-19,0.01,20.029608181448495,0.7753336721326818,0.01,True
369,59701.54939425,1398.1821536817079,o,o,6790.0,6790.0,5.887764290312708e-17,-0.32151390503085686,5.8877642903127075e-19,0.01,19.68825266307048,0.43397815375466564,0.01,True
370,59709.490823500004,1406.1235829317084,o,o,6302.275510204082,6302.275510204082,5.067078814982413e-17,-0.3867066607418099,5.067078814982413e-19,0.01,19.85123455234786,0.5969600430320483,0.01,True
371,59711.42212049999,1408.0548799316966,o,o,6857.1466693877555,6857.1466693877555,6.854618917092052e-17,-0.2554810050702745,6.854618917092052e-19,0.01,19.523170413169023,0.2688959038532097,0.01,True
372,59713.44078225,1410.0735416817042,o,o,6857.1466693877555,6857.1466693877555,8.619514765803003e-17,-0.15598150226696283,8.619514765803002e-19,0.01,19.274421656160744,0.020147146844930575,0.01,True
373,59715.45837233333,1412.0911317650316,o,o,6790.0,6790.0,7.748464541088531e-17,-0.20224867030321825,7.748464541088531e-19,0.01,19.390089576251388,0.13581506693557444,0.01,True
374,59717.485085500004,1414.1178449317085,o,o,6857.1466693877555,6857.1466693877555,7.475397046789058e-17,-0.21783005559985646,7.475397046789058e-19,0.01,19.42904303949298,0.1747685301771682,0.01,True
375,59719.39291624999,1416.0256756816962,o,o,5634.714285714286,5634.714285714286,1.0901024186860865e-16,-0.05399701699786874,1.0901024186860864e-18,0.01,19.019460442988013,-0.23481406632780022,0.01,True
376,59721.43882666666,1418.0715860983619,o,o,5708.887755102041,5708.887755102041,4.539669670631702e-17,-0.4344400677021607,4.539669670631703e-19,0.01,19.970568069748744,0.7162935604329306,0.01,True
377,59725.378965749995,1422.0117251816991,o,o,8119.0488897959185,8119.0488897959185,4.4667703636305676e-17,-0.4414706942467266,4.466770363630567e-19,0.01,19.988144636110153,0.7338701267943399,0.01,True
378,59729.408092000005,1426.0408514317096,o,o,6857.1466693877555,6857.1466693877555,4.521446993220041e-17,-0.4361868764473318,4.521446993220041e-19,0.01,19.974935091611673,0.72066058229586,0.01,True
379,59733.417617750005,1430.0503771817093,o,o,8108.571428571428,8108.571428571428,3.919911934154598e-17,-0.4981880100938998,3.919911934154598e-19,0.01,20.12993792572809,0.8756634164122765,0.01,True
380,59735.35648649999,1431.989245931698,o,o,6790.0,6790.0,4.024805826377308e-17,-0.486719387231604,4.024805826377308e-19,0.01,20.101266368572354,0.8469918592565406,0.01,True
381,59737.41287,1434.0456294317046,o,o,6857.1466693877555,6857.1466693877555,4.0646117647766394e-17,-0.4824452503775003,4.0646117647766396e-19,0.01,20.09058102643709,0.836306517121276,0.01,True
382,59739.41344250001,1436.0462019317129,o,o,7331.937840816326,7331.937840816326,4.501908995584418e-17,-0.4380676085899804,4.501908995584418e-19,0.01,19.97963692196829,0.7253624126524763,0.01,True
383,59741.39236575,1438.0251251817026,o,o,6751.988151020409,6751.988151020409,6.073028420571665e-17,-0.30805900670223885,6.073028420571666e-19,0.01,19.65461541724894,0.4003409079331277,0.01,True
384,59745.379165499995,1442.0119249316995,o,o,6790.0,6790.0,9.02442137617679e-17,-0.13604495467127542,9.02442137617679e-19,0.01,19.224580287171527,-0.029694222144286186,0.01,True
385,59753.39594349999,1450.028702931697,o,o,6857.1466693877555,6857.1466693877555,4.0062523212947095e-17,-0.4887260217408187,4.0062523212947093e-19,0.01,20.106282954845387,0.8520084455295738,0.01,True
386,59757.34883275,1453.9815921817062,o,o,6790.0,6790.0,4.0062523212947095e-17,-0.4887260217408187,4.0062523212947093e-19,0.01,20.106282954845387,0.8520084455295738,0.01,True
387,59761.372054499996,1458.0048139317005,o,o,6790.0,6790.0,4.322615526896482e-17,-0.4557177111187247,4.3226155268964825e-19,0.01,20.023762178290152,0.7694876689743388,0.01,True
388,59765.33757925,1461.9703386817055,o,o,8108.571428571428,8108.571428571428,3.5438082615646907e-17,-0.5419941039785829,3.5438082615646907e-19,0.01,20.239453160439798,0.9851786511239844,0.01,True
389,59767.32905125,1463.961810681707,o,o,6790.0,6790.0,5.20333553358281e-17,-0.3751824882560175,5.20333553358281e-19,0.01,19.822424121133388,0.5681496118175744,0.01,True
390,59769.3645155,1465.9972749317021,o,o,6857.1466693877555,6857.1466693877555,1.015942895039601e-16,-0.08459502279212927,1.0159428950396011e-18,0.01,19.095955457473664,-0.1583190518421489,0.01,True
391,59771.36598925,1467.9987486817045,o,o,8119.0488897959185,8119.0488897959185,1.0476790352198362e-16,-0.0712360667762173,1.0476790352198363e-18,0.01,19.062558067433883,-0.1917164418819297,0.01,True
392,59773.3190705,1469.951829931706,o,o,5708.887755102041,5708.887755102041,7.852075114588185e-17,-0.19647987474239237,7.852075114588185e-19,0.01,19.375667587349323,0.12139307803350974,0.01,True
393,59777.39829975,1474.0310591817033,o,o,8156.612244897959,8156.612244897959,1.8674541984849807e-16,0.17978563879224474,1.8674541984849807e-18,0.01,18.43500380351273,-0.8192707058030848,0.01,True
394,59785.336910750004,1481.9696701817084,o,o,8108.571428571428,8108.571428571428,4.7080947073915235e-17,-0.4186191297739459,4.708094707391523e-19,0.01,19.9310157249282,0.6767412156123882,0.01,True
395,59793.302582250006,1489.9353416817103,o,o,6790.0,6790.0,4.299403521717652e-17,-0.4580561123820619,4.2994035217176517e-19,0.01,20.029608181448495,0.7753336721326818,0.01,True
396,59799.278035250005,1495.9107946817094,o,o,8156.612244897959,8156.612244897959,4.8532711673037244e-17,-0.4054297628697423,4.853271167303725e-19,0.01,19.898042307667698,0.6437677983518846,0.01,True
397,59801.305578499996,1497.9383379317005,o,o,6790.0,6790.0,1.0360498749123868e-16,-0.07608365761459268,1.0360498749123868e-18,0.01,19.07467704452982,-0.17959746478599214,0.01,True
398,59803.33151175,1499.9642711817069,o,o,6790.0,6790.0,7.787862130513001e-17,-0.20004606569473005,7.787862130513001e-19,0.01,19.38458306473017,0.1303085554143557,0.01,True
399,59805.2744025,1501.9071619317037,o,o,5700.402967346939,5700.402967346939,4.825015861173891e-17,-0.40796557491248286,4.825015861173891e-19,0.01,19.90438183777455,0.6501073284587378,0.01,True
400,59807.26423925,1503.8969986817028,o,o,8119.0488897959185,8119.0488897959185,4.0062523212947095e-17,-0.4887260217408187,4.0062523212947093e-19,0.01,20.106282954845387,0.8520084455295738,0.01,True
401,59809.28204075,1505.9148001817011,o,o,8119.0488897959185,8119.0488897959185,4.389661038874998e-17,-0.44903333408389834,4.389661038874998e-19,0.01,20.007051235703084,0.7527767263872711,0.01,True
402,59813.34791325001,1509.9806726817114,o,o,6790.0,6790.0,4.563339162379145e-17,-0.4321815720749438,4.563339162379145e-19,0.01,19.9649218306807,0.7106473213648883,0.01,True
403,59817.297211,1513.9299704317018,o,o,6790.0,6790.0,4.5329954994366655e-17,-0.43507903237016343,4.532995499436665e-19,0.01,19.97216548141875,0.7178909721029356,0.01,True
404,59825.320778249996,1521.9535376817003,o,o,6857.1466693877555,6857.1466693877555,5.621954251847692e-17,-0.34157701298871324,5.621954251847692e-19,0.01,19.73841043296512,0.48413592364930835,0.01,True
405,59829.233040750005,1525.8658001817093,o,o,6790.0,6790.0,1.6488853349075612e-16,0.12572613519142273,1.6488853349075612e-18,0.01,18.570152562514785,-0.684121946801028,0.01,True
406,59835.26115399999,1531.893913431697,o,o,6790.0,6790.0,4.897347317491393e-17,-0.40150341517782984,4.897347317491393e-19,0.01,19.88822643843791,0.6339519291220981,0.01,True
407,59851.22216175,1547.854921181708,o,o,6790.0,6790.0,7.210347350851404e-17,-0.2335081333414788,7.210347350851405e-19,0.01,19.468238233847035,0.21396372453122225,0.01,True
408,59859.25123525,1555.8839946817025,o,o,6790.0,6790.0,3.9622073761313574e-16,0.506472881892714,3.962207376131357e-18,0.01,17.618285695761557,-1.6359888135542562,0.01,True
409,59883.20355525,1579.8363146817064,o,o,6790.0,6790.0,7.719431638995396e-17,-0.203878994664473,7.719431638995396e-19,0.01,19.394165387154526,0.13989087783871312,0.01,True
410,59927.64540375,1624.2781631817052,o,o,6790.0,6790.0,6.693853874230917e-17,-0.2657880926962921,6.693853874230918e-19,0.01,19.548938132234067,0.29466362291825376,0.01,True
411,59959.60313725,1656.2358966817046,o,o,6790.0,6790.0,4.548091415832892e-17,-0.4336351348961376,4.548091415832893e-19,0.01,19.968555737733688,0.7142812284178746,0.01,True
412,60015.551437,1712.1841964317064,o,o,6790.0,6790.0,5.355686641467751e-17,-0.36264916151025695,5.355686641467751e-19,0.01,19.791090804268983,0.5368162949531694,0.01,True
413,60019.53318875,1716.1659481817042,o,o,6790.0,6790.0,3.8540517140292067e-17,-0.5055467824789961,3.8540517140292066e-19,0.01,20.14833485669083,0.8940603473750173,0.01,True
414,60023.4784615,1720.111220931707,o,o,6790.0,6790.0,7.170869732366493e-17,-0.23589248715975053,7.170869732366494e-19,0.01,19.47419911839272,0.21992460907690514,0.01,True
415,60027.626718,1724.259477431704,o,o,6790.0,6790.0,1.2488043375714027e-16,0.005030078284713468,1.2488043375714028e-18,0.01,18.87189270478156,-0.38238180453425485,0.01,True
416,60031.5092845,1728.142043931708,o,o,6790.0,6790.0,3.006431382745007e-17,-0.6134130240627247,3.006431382745007e-19,0.01,20.418000460650156,1.1637259513343423,0.01,True
417,60040.5146515,1737.147410931706,o,o,6790.0,6790.0,8.621753249613034e-16,0.8441312691569411,8.621753249613034e-18,0.01,16.77413972760099,-2.480134781714824,0.01,True
418,60042.609617285714,1739.2423767174187,o,o,8224.207408163265,8224.207408163265,1.1444174647495687e-16,-0.032879843367870976,1.1444174647495688e-18,0.01,18.966667508913016,-0.2876070004027973,0.01,True
419,60044.490045499995,1741.1228049316996,o,o,8119.0488897959185,8119.0488897959185,5.0487670478626806e-17,-0.3882789876057071,5.048767047862681e-19,0.01,19.85516536950761,0.6008908601917966,0.01,True
420,60066.42901700001,1763.061776431714,o,o,6790.0,6790.0,7.45678770639717e-17,-0.2189125412724895,7.45678770639717e-19,0.01,19.431749253674568,0.17747474435875432,0.01,True
421,60070.506186000006,1767.1389454317105,o,o,6790.0,6790.0,1.0338990604553064e-16,-0.07698617957589526,1.0338990604553064e-18,0.01,19.07693334943308,-0.17734115988273302,0.01,True
422,60072.469344,1769.1021034317018,o,o,6790.0,6790.0,5.57746271782058e-17,-0.34502764428889243,5.57746271782058e-19,0.01,19.747037011215568,0.49276250189975457,0.01,True
423,60076.48864125,1773.1214006817027,o,o,6790.0,6790.0,4.0209668109306175e-17,-0.4871338317917786,4.0209668109306176e-19,0.01,20.102302479972792,0.8480279706569789,0.01,True
424,60082.445747000005,1779.0785064317097,o,o,6751.988151020409,6751.988151020409,3.8241415777799964e-17,-0.5089303578431963,3.8241415777799965e-19,0.01,20.15679379510133,0.902519285785516,0.01,True
425,60086.39104624999,1783.023805681696,o,o,6857.1466693877555,6857.1466693877555,3.5669041269950436e-17,-0.5391728839274617,3.5669041269950437e-19,0.01,20.232400110311996,0.978125600996183,0.01,True
426,60088.43842599999,1785.0711854316978,o,o,8119.0488897959185,8119.0488897959185,3.6826122550139075e-17,-0.5253083261690943,3.6826122550139076e-19,0.01,20.197738715916074,0.943464206600261,0.01,True
427,60090.425000999996,1787.0577604317004,o,o,6228.102040816327,6228.102040816327,3.9889466797036837e-17,-0.49060608911253745,3.9889466797036836e-19,0.01,20.110983123274686,0.8567086139588724,0.01,True
428,60092.43620500001,1789.0689644317172,o,o,6790.0,6790.0,6.483226029739221e-17,-0.2796731572294977,6.483226029739222e-19,0.01,19.58365079356708,0.32937628425126775,0.01,True
429,60094.405527999996,1791.0382874317002,o,o,6790.0,6790.0,2.9630812331312195e-16,0.3802792376226485,2.9630812331312195e-18,0.01,17.933769806436718,-1.320504702879095,0.01,True
430,60096.45894033334,1793.091699765042,o,o,6790.0,6790.0,1.464473538197187e-16,0.07421720851135483,1.464473538197187e-18,0.01,18.698924879214953,-0.55534963010086,0.01,True
431,60098.429133,1795.0618924317023,o,o,8230.785714285714,8230.785714285714,7.585409645869185e-16,0.7885147193485,7.585409645869186e-18,0.01,16.913181102122092,-2.3410934071937213,0.01,True
432,60100.409909,1797.0426684317063,o,o,6751.988151020409,6751.988151020409,5.659334751759187e-17,-0.33869893686629915,5.659334751759187e-19,0.01,19.73121524265909,0.4769407333432767,0.01,True
433,60102.41373425,1799.046493681708,o,o,5700.402967346939,5700.402967346939,5.3676464582958014e-17,-0.36168041708008225,5.367646458295802e-19,0.01,19.788668943193542,0.5343944338777291,0.01,True
434,60124.361339,1820.9940984317072,o,o,6751.988151020409,6751.988151020409,4.348095475506026e-17,-0.45316524848207784,4.348095475506026e-19,0.01,20.01738102169854,0.763106512382727,0.01,True
435,60126.36460225,1822.9973616817078,o,o,8119.0488897959185,8119.0488897959185,9.453009246200077e-17,-0.11589423755479267,9.453009246200077e-19,0.01,19.174203494380325,-0.08007101493548774,0.01,True
436,60130.36427114286,1826.9970305745665,o,o,6790.0,6790.0,4.162413970452886e-17,-0.4721190497139194,4.162413970452886e-19,0.01,20.064765524778142,0.810491015462329,0.01,True
437,60132.362294499995,1828.9950539316997,o,o,6790.0,6790.0,4.0646117647766394e-17,-0.4824452503775003,4.0646117647766396e-19,0.01,20.09058102643709,0.836306517121276,0.01,True
438,60148.33388500001,1844.9666444317118,o,o,6790.0,6790.0,4.447929700753845e-17,-0.4433064056102598,4.447929700753845e-19,0.01,19.992733914518986,0.738459405203173,0.01,True
439,60150.3279165,1846.960675931703,o,o,6790.0,6790.0,4.878514714430269e-17,-0.4031767010078422,4.8785147144302695e-19,0.01,19.892409653012948,0.6381351436971343,0.01,True
440,60152.343393749994,1848.9761531816985,o,o,6790.0,6790.0,5.687669189454158e-17,-0.33652999155187224,5.687669189454158e-19,0.01,19.725792879373017,0.4715183700572041,0.01,True
441,60154.336859,1850.9696184317072,o,o,6790.0,6790.0,5.828137070704287e-17,-0.32593456294509515,5.828137070704288e-19,0.01,19.699304307856078,0.4450297985402649,0.01,True
442,58295.204942100216,-8.162298468079825,g,g,4195.842228571429,4195.842228571429,4.792156881466062e-17,-0.4109332930726364,1.1755060385559759e-17,0.24529790397770823,20.281607741997405,1.0273332326815918,0.24529790397770823,False
443,58295.220891200006,-8.14634936828952,g,g,4195.842228571429,4195.842228571429,5.072980789183823e-17,-0.38620110254638895,1.429246607459231e-17,0.2817370431416868,20.219777265681792,0.9655027563659786,0.2817370431416868,False
444,58296.18261570018,-7.18462486811768,g,g,4830.0,4830.0,6.254236495611595e-17,-0.2952900207578093,2.0003521088339544e-17,0.31983953760583567,19.992499561210337,0.7382250518945241,0.31983953760583567,False
445,58296.2010764,-7.166164168294927,g,g,4830.0,4830.0,6.653636402181077e-17,-0.2684052557259857,1.9564794927473694e-17,0.2940466497547162,19.92528764863078,0.6710131393149652,0.2940466497547162,False
446,58298.18679400021,-5.1804465680834255,g,g,4228.183710204082,4228.183710204082,1.023494415189231e-16,-0.08137884301283194,1.1882844825913206e-17,0.116100729516108,19.457721616847895,0.20344710753208162,0.116100729516108,False
447,58298.20303239999,-5.164208168302139,g,g,4228.183710204082,4228.183710204082,1.0963451445718058e-16,-0.051517022675492186,1.130650184239181e-17,0.10312903649340951,19.383067066004543,0.12879255668872958,0.10312903649340951,False
448,58298.223437500186,-5.143803068109264,g,g,4228.183710204082,4228.183710204082,1.0217327894621788e-16,-0.08212698925291484,1.05364829351761e-17,0.10312366446340936,19.459591982448103,0.20531747313228976,0.10312366446340936,False
449,58299.17939809989,-4.187842468403687,g,g,4881.037526530612,4881.037526530612,1.0245938345692669e-16,-0.08091258203412188,7.516274093046653e-18,0.0733585723381446,19.45655596440112,0.2022814550853056,0.0733585723381446,False
450,58299.18031249987,-4.186928068425914,g,g,4881.037526530612,4881.037526530612,1.1788589686758469e-16,-0.02000246831843988,6.895550791078283e-18,0.058493432838906165,19.304280680111916,0.05000617079610237,0.058493432838906165,False
451,58299.20615739981,-4.161083168488403,g,g,4881.037526530612,4881.037526530612,1.3081345424514434e-16,0.025188093501245845,8.446817199976586e-18,0.06457147125055848,19.1913042755627,-0.06297023375311284,0.06457147125055848,False
452,58299.22590279998,-4.141337768312951,g,g,4881.037526530612,4881.037526530612,1.2989294284151156e-16,0.022121236002517364,9.031734973721379e-18,0.06953214528938204,19.198971419309522,-0.055303090006290745,0.06953214528938204,False
453,58300.20284719998,-3.164393368315359,g,g,4830.0,4830.0,1.2772667184830121e-16,0.014817275745398817,5.465926058168755e-18,0.04279392846515677,19.21723131995232,-0.03704318936349438,0.04279392846515677,False
454,58300.21953700017,-3.1477035681236885,g,g,4830.0,4830.0,1.1873251390522754e-16,-0.0168946570914148,7.377244365275147e-18,0.06213331228852507,19.296511152044353,0.042236642728539664,0.06213331228852507,False
455,58300.30467589991,-3.0625646683838568,g,g,4830.0,4830.0,1.102057868971731e-16,-0.049259920358325715,9.561261922039313e-18,0.08675825645127325,19.37742431021163,0.12314980089581695,0.08675825645127325,False
456,58301.262083299924,-2.1051572683718405,g,g,4195.842228571429,4195.842228571429,1.2294852549267142e-16,-0.0017409955789329246,7.585418093240697e-18,0.06169588502867276,19.258626998263146,0.0043524889473332,0.06169588502867276,False
457,58301.28305559978,-2.084184968516638,g,g,4195.842228571429,4195.842228571429,1.2251088284375458e-16,-0.0032896507326309887,8.318532556589644e-18,0.0679003559806092,19.26249863614739,0.00822412683157836,0.0679003559806092,False
458,58301.30523149995,-2.062009068344196,g,g,4195.842228571429,4195.842228571429,1.2875122920477072e-16,0.01828706375723499,8.78469082976999e-18,0.06822995698004942,19.208556849922726,-0.04571765939308747,0.06822995698004942,False
459,58302.1979398001,-1.1693007681969902,g,g,4228.183710204082,4228.183710204082,1.1828143547476162e-16,-0.01854773371658247,6.5485657008657486e-18,0.05536427313872981,19.300643843607272,0.04636933429145884,0.05536427313872981,False
460,58302.198923599906,-1.168316968389263,g,g,4228.183710204082,4228.183710204082,1.1305958875371273e-16,-0.03815691883042582,7.051183703515762e-18,0.06236696755439251,19.34966680639188,0.09539229707606722,0.06236696755439251,False
461,58304.2026157002,0.8353751319009461,g,g,4228.183710204082,4228.183710204082,1.2953265485153805e-16,0.02091494650810688,5.0745426292743685e-18,0.039175778764748405,19.201987143045546,-0.0522873662702672,0.039175778764748405,False
462,58304.217731500044,0.8504909317489364,g,g,4228.183710204082,4228.183710204082,1.2608604526469364e-16,0.009202702890318548,5.508046411528726e-18,0.04368482174189564,19.23126775209002,-0.023006757225793706,0.04368482174189564,False
463,58304.305081000086,0.9378404317903914,g,g,4228.183710204082,4228.183710204082,1.259100060345358e-16,0.008595924503921992,5.891632518115007e-18,0.04679240914736351,19.232784698056008,-0.02148981125980498,0.04679240914736351,False
464,58305.19969910011,1.832458531811426,g,g,4195.842228571429,4195.842228571429,1.1563142526569775e-16,-0.028388441479318516,6.4370135678259356e-18,0.05566837521058807,19.32524561301411,0.07097110369829807,0.05566837521058807,False
465,58305.20109950006,1.8338589317645528,g,g,4195.842228571429,4195.842228571429,1.2446999513533903e-16,0.0036003523332794884,6.918676309426741e-18,0.05558509343479855,19.245273628482614,-0.009000880833198721,0.05558509343479855,False
466,58305.22634259984,1.8591020315434434,g,g,4195.842228571429,4195.842228571429,1.0912399042541795e-16,-0.05354408144066802,6.160687630440903e-18,0.056455849959514595,19.388134712917484,0.13386020360167095,0.056455849959514595,False
467,58305.30204859981,1.9348080315176048,g,g,4195.842228571429,4195.842228571429,1.0949327666228382e-16,-0.05207686771514375,6.505197827218955e-18,0.05941184724321747,19.384466678603673,0.13019216928785937,0.05941184724321747,False
468,58306.22840279993,2.8611622316311696,g,g,4195.842228571429,4195.842228571429,1.2237987849799064e-16,-0.0037543025601323166,5.507340178256574e-18,0.045002007240487654,19.263660265716144,0.009385756400330791,0.045002007240487654,False
469,58306.30478010001,2.9375395317110815,g,g,4195.842228571429,4195.842228571429,1.1340378426421145e-16,-0.03683677311312472,5.9278834627531245e-18,0.052272360232196204,19.346366442098628,0.09209193278281447,0.052272360232196204,False
470,58306.3208217998,2.9535812315079966,g,g,4195.842228571429,4195.842228571429,1.155331255225274e-16,-0.028757797753531378,6.0959782407704245e-18,0.05276389964523025,19.326169003699643,0.07189449438383022,0.05276389964523025,False
471,58307.217777799815,3.850537231519411,g,g,4195.842228571429,4195.842228571429,1.2409536204630793e-16,0.0022912301905435584,5.589145936865196e-18,0.04503912027574026,19.248546433839454,-0.005728075476358896,0.04503912027574026,False
472,58307.24457179988,3.8773312315825024,g,g,4195.842228571429,4195.842228571429,1.2285214421078842e-16,-0.0020815793623398804,5.422191621670754e-18,0.04413591359355857,19.259478457721663,0.005203948405849701,0.04413591359355857,False
473,58307.322453700006,3.9552131317104795,g,g,4195.842228571429,4195.842228571429,1.1979028740347196e-16,-0.013042713357775071,6.46836302074616e-18,0.05399739128231429,19.28688129271025,0.032606783394438565,0.05399739128231429,False
474,58308.19724539993,4.83000483163778,g,g,4195.842228571429,4195.842228571429,1.1689533162410517e-16,-0.023667152881305498,5.517018792118095e-18,0.047196228587287926,19.31344239151908,0.05916788220326552,0.047196228587287926,False
475,58308.198159699794,4.830919131498376,g,g,4195.842228571429,4195.842228571429,1.1282880160652292e-16,-0.039044344866209,5.740055702644647e-18,0.050874028802170665,19.351885371481337,0.09761086216552428,0.050874028802170665,False
476,58308.21442130022,4.847180731921981,g,g,4195.842228571429,4195.842228571429,1.157277844255811e-16,-0.028026681479413895,5.547511016616765e-18,0.04793586124673543,19.32434121301435,0.07006670369853651,0.04793586124673543,False
477,58308.386736100074,5.019495531778375,g,g,4195.842228571429,4195.842228571429,1.1635469792345612e-16,-0.02568039724267912,8.139678496949605e-18,0.0699557357134328,19.318475502422512,0.06420099310669869,0.0699557357134328,False
478,58311.24159719981,7.874356631517003,g,g,4195.842228571429,4195.842228571429,1.223032228899826e-16,-0.004026418684745181,6.8224824296044346e-18,0.05578334134123,19.264340556027676,0.010066046711862953,0.05578334134123,False
479,58311.33197919978,7.96473863148276,g,g,4195.842228571429,4195.842228571429,1.151311908866443e-16,-0.03027132332905147,7.469726315441048e-18,0.06488012725235841,19.329952817638443,0.07567830832262956,0.06488012725235841,False
480,58312.33092590002,8.963685331727902,g,g,4195.842228571429,4195.842228571429,1.266291324354948e-16,0.011069311193820042,6.721103088243153e-18,0.0530770681199044,19.226601231331266,-0.02767327798454744,0.0530770681199044,False
481,58312.345972199924,8.978731631628762,g,g,4195.842228571429,4195.842228571429,1.1437288375290182e-16,-0.03314124886515479,7.765501103950118e-18,0.06789634788545842,19.3371276314787,0.08285312216288787,0.06789634788545842,False
482,58316.36148149986,12.994240931562672,g,g,4195.842228571429,4195.842228571429,8.593972560697292e-17,-0.1572703575307539,7.02320012835064e-18,0.08172239414016462,19.6474504031427,0.39317589382688567,0.08172239414016462,False
483,58317.35192129994,13.984680731642584,g,g,4830.0,4830.0,8.332770422481565e-17,-0.17067490356952497,7.681789871024772e-18,0.09218770566748766,19.680961768239623,0.42668725892380976,0.09218770566748766,False
484,58319.17828699993,15.811046431634168,g,g,4195.842228571429,4195.842228571429,1.0495938232659147e-16,-0.07044305397378992,1.0259032833468184e-17,0.09774288497188552,19.430382144250288,0.1761076349344748,0.09774288497188552,False
485,58319.17920139991,15.811960831611941,g,g,4195.842228571429,4195.842228571429,7.161099821875405e-17,-0.23648459264199495,1.0436313659941264e-17,0.1457361846578494,19.8454859909208,0.5912114816049865,0.1457361846578494,False
486,58319.20150459977,15.83426403147314,g,g,4195.842228571429,4195.842228571429,8.880169563068539e-17,-0.14304306171525916,1.0682858478825844e-17,0.12030016322272101,19.61188216360396,0.3576076542881452,0.12030016322272101,False
487,58320.17592590023,16.808685331932793,g,g,4180.780293877551,4180.780293877551,7.457724386614361e-17,-0.2188579910401227,9.071615002049626e-18,0.12164052372774713,19.80141948691612,0.5471449776003077,0.12164052372774713,False
488,58320.19597220002,16.828731631721894,g,g,4180.780293877551,4180.780293877551,8.197617993780946e-17,-0.17777664376542113,8.331718596001842e-18,0.10163584839306528,19.698716118729365,0.44444160941355193,0.10163584839306528,False
489,58321.184456000105,17.817215431809018,g,g,5393.061485714286,5393.061485714286,7.099701584972416e-17,-0.24022422542745936,1.4190272180636047e-17,0.1998713891112253,19.85483507288446,0.6005605635686457,0.1998713891112253,False
490,58321.1953125,17.82807193170447,g,g,5393.061485714286,5393.061485714286,7.764987687368562e-17,-0.20132354882014702,1.2112006965450146e-17,0.15598230741760163,19.757583381366185,0.503308872050372,0.15598230741760163,False
491,58322.1794906999,18.812250131602923,g,g,5384.927412244898,5384.927412244898,7.688842317271403e-17,-0.2056033657550227,1.2024406516815946e-17,0.15638773719946875,19.76828292370337,0.5140084143875576,0.15638773719946875,False
492,58322.180914400145,18.813673831849883,g,g,5384.927412244898,5384.927412244898,6.067676906898877e-17,-0.30844187292718495,1.0221802629159444e-17,0.16846319911228916,20.025379191633775,0.7711046823179615,0.16846319911228916,False
493,58322.2026157002,18.835375131900946,g,g,5384.927412244898,5384.927412244898,6.153075477663944e-17,-0.30237207777984487,1.0107273066660783e-17,0.16426375888530584,20.01020470376543,0.7559301944496184,0.16426375888530584,False
494,58323.282002300024,19.914761731728504,g,g,4195.842228571429,4195.842228571429,7.933128217475012e-17,-0.19201984670796257,1.2252331430609876e-17,0.15444514565667258,19.734324126085717,0.48004961676990376,0.15444514565667258,False
495,58323.36056709988,19.9933265315849,g,g,4195.842228571429,4195.842228571429,6.101962021798301e-17,-0.30599481994670263,1.4282824241400872e-17,0.23406937293902724,20.019261559182574,0.764987049866761,0.23406937293902724,False
496,58324.26222220017,20.894981631870905,g,g,5384.927412244898,5384.927412244898,5.840966140275309e-17,-0.32497963157347165,1.505791331193462e-17,0.2577983325071095,20.0667235882495,0.8124490789336853,0.2577983325071095,False
497,58324.28217589995,20.914935331653396,g,g,5384.927412244898,5384.927412244898,6.173811704565011e-17,-0.30091094046591316,1.710042355090432e-17,0.27698323773399186,20.0065518604806,0.7522773511647856,0.27698323773399186,False
498,58324.30951389996,20.94227333166782,g,g,5384.927412244898,5384.927412244898,6.863822703520451e-17,-0.2548982633320005,1.79427981349901e-17,0.26141115395925435,19.891520167645815,0.6372456583300021,0.26141115395925435,False
499,58325.18111110013,21.813870531834255,g,g,5347.875681632653,5347.875681632653,5.216824596631594e-17,-0.37405808539708296,1.4480081146177863e-17,0.27756503746603595,20.189419722808527,0.9351452134927136,0.27756503746603595,False
500,58325.182963000145,21.81572243184928,g,g,5347.875681632653,5347.875681632653,5.957017620216045e-17,-0.3164354355448129,1.3781515774655105e-17,0.23134925315455568,20.045363098177845,0.7910885888620314,0.23134925315455568,False
501,58325.20391200017,21.83667143187631,g,g,5347.875681632653,5347.875681632653,7.71608798951771e-17,-0.20406714881480248,1.3151789581488964e-17,0.17044634015780594,19.764442381352822,0.5101678720370089,0.17044634015780594,False
502,58326.17653940013,22.809298831831256,g,g,5393.061485714286,5393.061485714286,7.85613062165323e-17,-0.19625562451186163,1.3724126421750772e-17,0.17469320563387847,19.744913570595465,0.4906390612796514,0.17469320563387847,False
503,58326.196053199936,22.828812631640176,g,g,5393.061485714286,5393.061485714286,7.284837076657358e-17,-0.22904447690176077,1.3002979908129729e-17,0.17849376411992643,19.826885701570212,0.5726111922543993,0.17849376411992643,False
504,58327.17796299979,23.81072243149538,g,g,5393.061485714286,5393.061485714286,7.12051810416206e-17,-0.2389527252577306,1.3534803141229808e-17,0.19008171797665246,19.851656322460137,0.5973818131443238,0.19008171797665246,False
505,58327.1964004999,23.829159931607137,g,g,5393.061485714286,5393.061485714286,6.774738542323636e-17,-0.26057178111120116,1.4938636455626978e-17,0.22050498867670315,19.905703962093817,0.6514294527780038,0.22050498867670315,False
506,58328.179456000216,24.812215431920777,g,g,4228.183710204082,4228.183710204082,7.223506198189961e-17,-0.23271627046838184,1.2584927659543209e-17,0.17422187112813295,19.836065185486767,0.5817906761709537,0.17422187112813295,False
507,58328.180405099876,24.813164531580696,g,g,4228.183710204082,4228.183710204082,6.555917170658014e-17,-0.2748308623100204,1.0353476152987333e-17,0.15792567055797868,19.941351665090863,0.6870771557750501,0.15792567055797868,False
508,58330.17510419991,26.807863631613145,g,g,5384.927412244898,5384.927412244898,5.332849673825508e-17,-0.36450497858936437,6.326638064476246e-18,0.11863522228140826,20.16553695578923,0.9112624464734154,0.11863522228140826,False
509,58330.202048600186,26.834808031890134,g,g,5384.927412244898,5384.927412244898,5.338071374576326e-17,-0.36407994386313014,6.791019958191038e-18,0.12721860540371718,20.164474368973643,0.9101998596578298,0.12721860540371718,False
510,58331.244108799845,27.87686823154945,g,g,5347.875681632653,5347.875681632653,6.974973275696811e-17,-0.2479217722731999,9.738119734509482e-18,0.13961515477687086,19.87407893999881,0.6198044306829971,0.13961515477687086,False
511,58331.24502310017,27.87778253187571,g,g,5347.875681632653,5347.875681632653,5.0383171510107e-17,-0.3891788183344591,8.799831127030495e-18,0.17465814205969993,20.227221555151967,0.972947045836154,0.17465814205969993,False
512,58331.26350690005,27.896266331757943,g,g,5347.875681632653,5347.875681632653,6.050007050534246e-17,-0.3097084394726064,9.613712949499873e-18,0.15890416108938146,20.02854560799733,0.7742710986815169,0.15890416108938146,False
513,58331.277638900094,27.910398331798206,g,g,5347.875681632653,5347.875681632653,5.680638850526148e-17,-0.3370671405771848,1.3034108966599303e-17,0.2294479425565325,20.096942360758774,0.8426678514429611,0.2294479425565325,False
514,58332.185682899784,28.818442331488768,g,g,5393.061485714286,5393.061485714286,6.295455268507752e-17,-0.29243717778344624,5.959400698246642e-18,0.09466194967753672,19.985367453774433,0.73109294445862,0.09466194967753672,False
515,58332.197534699924,28.83029413162876,g,g,5393.061485714286,5393.061485714286,5.200031099108238e-17,-0.37545837927419434,5.778751855470222e-18,0.11112917875551225,20.1929204575013,0.9386459481854885,0.11112917875551225,False
516,58332.216539400164,28.84929883186851,g,g,5393.061485714286,5393.061485714286,5.3131166421755215e-17,-0.36611496988881065,6.070790088039503e-18,0.11426043312976736,20.16956193403784,0.9152874247220275,0.11426043312976736,False
517,58334.18546300009,30.8182224317934,g,g,5384.927412244898,5384.927412244898,5.0507434972558906e-17,-0.388109006877956,6.38461272169611e-18,0.12640936379297268,20.224547026510706,0.9702725171948927,0.12640936379297268,False
518,58337.178657399956,33.81141683166061,g,g,5393.061485714286,5393.061485714286,5.0882261560306406e-17,-0.3848979141161326,5.967939104884204e-18,0.11728918727032042,20.216519294606147,0.9622447852903342,0.11728918727032042,False
519,58344.16396989999,40.79672933169786,g,g,4195.842228571429,4195.842228571429,4.297811833985464e-17,-0.4582169228720385,7.693729604447744e-18,0.17901504071464117,20.399816816495914,1.1455423071801007,0.17901504071464117,False
520,58349.15302080009,45.7857802317958,g,g,5393.061485714286,5393.061485714286,5.23413743720932e-17,-0.3726191981477509,8.050773898201915e-18,0.15381281051141713,20.18582250468519,0.9315479953693782,0.15381281051141713,False
521,58349.195717600174,45.82847703187872,g,g,5393.061485714286,5393.061485714286,4.711974236161024e-17,-0.4182614130645792,7.90873215672119e-18,0.16784328097610002,20.299928041977267,1.0456535326614542,0.16784328097610002,False
522,58350.24429399986,46.87705343156267,g,g,5347.875681632653,5347.875681632653,3.8552707505713287e-17,-0.5054094368561284,9.534043922067527e-18,0.24729894575250358,20.517798101456133,1.26352359214032,0.24729894575250358,False
523,58350.26251159981,46.8952710315134,g,g,5347.875681632653,5347.875681632653,3.8592512180001026e-17,-0.5049612703462234,1.0386911226833652e-17,0.2691431741574014,20.51667768518137,1.2624031758655576,0.2691431741574014,False
524,58350.29532410018,46.92808353188593,g,g,5347.875681632653,5347.875681632653,3.052929459015497e-17,-0.6067475506350224,1.0715479851028787e-17,0.3509900898425703,20.77114338590337,1.516868876587555,0.3509900898425703,False
525,58351.24673609994,47.87949553164799,g,g,5393.061485714286,5393.061485714286,3.926242452997244e-17,-0.49748720563304794,1.1278145379970436e-17,0.2872503548873005,20.497992523398434,1.2437180140826207,0.2872503548873005,False
526,58351.25959490007,47.89235433177237,g,g,5393.061485714286,5393.061485714286,3.608007596928619e-17,-0.5341968769315901,1.2105086823642995e-17,0.3355061345754279,20.589766701644795,1.3354921923289815,0.3355061345754279,False
527,58351.281944400165,47.9147038318697,g,g,5393.061485714286,5393.061485714286,3.69806638357352e-17,-0.5234896173773205,1.2330185965149017e-17,0.3334225156129863,20.56299855275912,1.3087240434433056,0.3334225156129863,False
528,58360.14373840019,56.77649783189554,g,g,5384.927412244898,5384.927412244898,2.2458591302026323e-17,-0.7400818082515261,7.203847651707826e-18,0.3207613315915259,21.104479029944628,1.8502045206288145,0.3207613315915259,False
529,58360.15793980006,56.79069923176576,g,g,5384.927412244898,5384.927412244898,3.190642808244945e-17,-0.5875861324980338,5.828153878742734e-18,0.18266394043489267,20.723239840560904,1.4689653312450908,0.18266394043489267,False
530,58361.15780089982,57.79056033152301,g,g,5393.061485714286,5393.061485714286,3.559771651519717e-17,-0.5400421800401869,7.214941035316323e-18,0.20267988347612584,20.604379959416285,1.3501054501004717,0.20267988347612584,False
531,58361.180937500205,57.81369693190936,g,g,5393.061485714286,5393.061485714286,3.0851377265579114e-17,-0.6021897636881253,5.448736464646044e-18,0.176612422121109,20.75974891853613,1.5054744092203158,0.176612422121109,False
532,58361.21453699982,57.84729643152241,g,g,5393.061485714286,5393.061485714286,2.4480833869948005e-17,-0.7026381135105684,7.500852159175398e-18,0.3063969225485917,21.01086979309224,1.7565952837764272,0.3063969225485917,False
533,58362.256018499844,58.88877793154825,g,g,5384.927412244898,5384.927412244898,3.564126105120055e-17,-0.5395112584940183,1.1482944108200042e-17,0.3221811958814866,20.60305265555086,1.3487781462350483,0.3221811958814866,False
534,58365.236273100134,61.86903253183846,g,g,5393.061485714286,5393.061485714286,3.626530897637301e-17,-0.5319729382879235,7.392501966402219e-18,0.20384500160245325,20.584206855035628,1.329932345719815,0.20384500160245325,False
535,58366.20541669987,62.83817613157589,g,g,4228.183710204082,4228.183710204082,3.924034943958298e-17,-0.4977314540770603,5.6428506734054e-18,0.14380225339464686,20.498603144508465,1.2443286351926517,0.14380225339464686,False
536,58366.21453699982,62.84729643152241,g,g,4228.183710204082,4228.183710204082,3.5041334957383415e-17,-0.546883677266857,5.895397874805397e-18,0.16824124657280506,20.621483702482955,1.3672091931671417,0.16824124657280506,False
537,58366.23902780004,62.87178723174293,g,g,4228.183710204082,4228.183710204082,2.964767861130613e-17,-0.619473626108773,6.377852223431444e-18,0.21512147062331055,20.802958574587745,1.5486840652719316,0.21512147062331055,False
538,58367.21875,63.85150943170447,g,g,5347.875681632653,5347.875681632653,2.1253691098758405e-17,-0.764029955991143,6.434129970162344e-18,0.3027300030034883,21.164349399293677,1.9100748899778637,0.3027300030034883,False
539,58368.19817129988,64.8309307315867,g,g,5384.927412244898,5384.927412244898,3.489440457302831e-17,-0.5487085281789579,7.088388372789328e-18,0.2031382526661111,20.62604582976321,1.3717713204473974,0.2031382526661111,False
540,58368.22171299998,64.85447243168164,g,g,5384.927412244898,5384.927412244898,3.5847363251489e-17,-0.5370071035418338,6.37263159708354e-18,0.17777127852824262,20.596792268170397,1.3425177588545836,0.17777127852824262,False
541,58368.22268520016,64.8554446318667,g,g,5384.927412244898,5384.927412244898,3.2326238958517704e-17,-0.5819091412899748,6.6910121525308655e-18,0.20698393528294567,20.709047362540755,1.4547728532249415,0.20698393528294567,False
542,58369.22402779991,65.85678723161254,g,g,5393.061485714286,5393.061485714286,3.3284072499725996e-17,-0.5692278609178789,6.499481470652718e-18,0.19527302347710676,20.677344161610517,1.4230696522947035,0.19527302347710676,False
543,58369.24157410022,65.87433353192318,g,g,5393.061485714286,5393.061485714286,2.540792545921013e-17,-0.68649511360932,7.534033646708874e-18,0.2965229750380057,20.97051229333912,1.7162377840233063,0.2965229750380057,False
544,58370.17708329996,66.80984273166541,g,g,5393.061485714286,5393.061485714286,2.7525482481213444e-17,-0.6517293799879642,7.277562149384062e-18,0.2643936270454517,20.883597959285726,1.6293234499699132,0.2643936270454517,False
545,58370.19613429997,66.82889373167563,g,g,5393.061485714286,5393.061485714286,2.2037761819208228e-17,-0.7482968352765003,7.41326088276899e-18,0.33638901008121225,21.12501659750707,1.8707420881912569,0.33638901008121225,False
546,58370.21679400001,66.84955343171168,g,g,5393.061485714286,5393.061485714286,3.504414566669873e-17,-0.5468488433601575,7.7375220072113e-18,0.22079356936824993,20.621396617716208,1.3671221084003946,0.22079356936824993,False
547,58372.20738429995,68.84014373165701,g,g,5384.927412244898,5384.927412244898,3.100181984577719e-17,-0.6000771320275096,6.086348150823944e-18,0.19632228627549345,20.754467339384593,1.5001928300687801,0.19632228627549345,False
548,58372.22221060004,68.85497003174532,g,g,5384.927412244898,5384.927412244898,4.1142200149388814e-17,-0.4771768076232821,7.071582906487574e-18,0.17188149590470128,20.44721652837402,1.1929420190582078,0.17188149590470128,False
549,58372.23990740022,68.87266683192138,g,g,5384.927412244898,5384.927412244898,3.526079163608512e-17,-0.5441722618722782,7.151336729810184e-18,0.20281271060550046,20.61470516399651,1.3604306546806981,0.20281271060550046,False
550,58374.19652780006,70.82928723176155,g,g,5384.927412244898,5384.927412244898,3.0531236104946167e-17,-0.6067199324944301,6.395001953427931e-18,0.20945768233707113,20.77107434055189,1.516799831236078,0.20945768233707113,False
551,58374.21620369982,70.84896313152421,g,g,5384.927412244898,5384.927412244898,3.456027707116148e-17,-0.5528871046643022,8.71941318120438e-18,0.2522958124221816,20.636492270976575,1.3822177616607618,0.2522958124221816,False
552,58376.22590279998,72.85866223168705,g,g,4195.842228571429,4195.842228571429,3.3647909519915883e-17,-0.5645062327269113,8.838136296865355e-18,0.26266524200067004,20.665540091133092,1.411265581817279,0.26266524200067004,False
553,58377.21793980012,73.85069923182164,g,g,5393.061485714286,5393.061485714286,3.388347182545387e-17,-0.561476416889322,9.219926897422092e-18,0.27210691232932976,20.65796555153912,1.4036910422233078,0.27210691232932976,False
554,58378.15571760014,74.78847703184147,g,g,5384.927412244898,5384.927412244898,2.983863373834944e-17,-0.6166853866114312,7.861749264165973e-18,0.26347551074571607,20.795987975844394,1.5417134665285808,0.26347551074571607,False
555,58385.11797450017,81.75073393187631,g,g,5379.542983673469,5379.542983673469,5.3269102604634784e-17,-0.36498893971638857,1.3775846076690373e-17,0.25860856299636215,20.16674685860679,0.9124723492909759,0.25860856299636215,False
556,58389.1328125,85.76557193170447,g,g,5393.061485714286,5393.061485714286,2.346236833536864e-17,-0.7210924717518257,7.7629294813118e-18,0.3308672581705861,21.05700568869538,1.8027311793795668,0.3308672581705861,False
557,58390.119652799796,86.75241223150078,g,g,5384.927412244898,5384.927412244898,1.9651558399313505e-17,-0.7980673239331306,5.728516920834308e-18,0.2915044600755136,21.24944281914864,1.9951683098328274,0.2915044600755136,False
558,58390.14005789999,86.77281733169366,g,g,5384.927412244898,5384.927412244898,2.0541264967915354e-17,-0.7788371355244035,5.964708499302036e-18,0.2903768832454416,21.201367348126826,1.9470928388110131,0.2903768832454416,False
559,58203.369004600216,-99.99823596807983,g,g,4830.0,4830.0,3.6734730142631087e-17,-0.5263874664247528,3.6734730142631085e-19,0.01,20.570243175377694,1.315968666061881,0.01,True
560,58203.40511569986,-99.96212486843433,g,g,4830.0,4830.0,2.9637874983466233e-17,-0.6196172584527115,2.9637874983466232e-19,0.01,20.803317655447596,1.5490431461317833,0.01,True
561,58203.41084490018,-99.95639566811587,g,g,4830.0,4830.0,2.5927087486198512e-17,-0.677710587109777,2.592708748619851e-19,0.01,20.948550977090257,1.6942764677744435,0.01,True
562,58204.377777799964,-98.98946276833158,g,g,4830.0,4830.0,4.7180159481988064e-17,-0.41770491565429957,4.718015948198807e-19,0.01,20.298536798451565,1.0442622891357516,0.01,True
563,58204.41677080002,-98.95046976827871,g,g,4830.0,4830.0,4.1554583405260875e-17,-0.47284538748073324,4.1554583405260876e-19,0.01,20.436387978017645,1.1821134687018322,0.01,True
564,58204.417685199995,-98.94955536830093,g,g,4830.0,4830.0,4.178786700873108e-17,-0.470414116362603,4.178786700873108e-19,0.01,20.430309800222325,1.176035290906512,0.01,True
565,58204.461655099876,-98.9055854684193,g,g,4830.0,4830.0,3.4167629035680736e-17,-0.5578494770136277,3.4167629035680736e-19,0.01,20.64889820184988,1.3946236925340685,0.01,True
566,58204.49880790012,-98.86843266817596,g,g,4830.0,4830.0,3.704465752662522e-17,-0.5227387361047509,3.7044657526625222e-19,0.01,20.561121349577693,1.3068468402618798,0.01,True
567,58205.38483799994,-97.98240256835561,g,g,4830.0,4830.0,1.0436800537676689e-16,-0.07289693668969477,1.0436800537676689e-18,0.01,19.43651685104005,0.18224234172423692,0.01,True
568,58205.41356479982,-97.95367576847639,g,g,4830.0,4830.0,9.943542799271727e-17,-0.09392317286227758,9.943542799271728e-19,0.01,19.48908244147151,0.23480793215569662,0.01,True
569,58205.437268500216,-97.92997206807922,g,g,4830.0,4830.0,7.086002442937247e-17,-0.24106302251929357,7.086002442937248e-19,0.01,19.85693206561405,0.6026575562982366,0.01,True
570,58205.45775459986,-97.90948596843373,g,g,4830.0,4830.0,4.332959528091778e-17,-0.45467968770606326,4.332959528091778e-19,0.01,20.390973728580978,1.1366992192651644,0.01,True
571,58205.48144679982,-97.88579376847338,g,g,4830.0,4830.0,3.827934237832125e-17,-0.5084998520544541,3.827934237832125e-19,0.01,20.525524139451953,1.2712496301361398,0.01,True
572,58205.50309030013,-97.86415026816394,g,g,4830.0,4830.0,2.5589566086955736e-17,-0.6834013984671206,2.5589566086955735e-19,0.01,20.96277800548362,1.7085034961678076,0.01,True
573,58206.347395800054,-97.01984476824146,g,g,4830.0,4830.0,5.218525656103437e-17,-0.37391649728922793,5.218525656103437e-19,0.01,20.189065752538884,0.9347912432230707,0.01,True
574,58206.35079859989,-97.01644196840789,g,g,4830.0,4830.0,4.652450754033383e-17,-0.4237825354008127,4.652450754033383e-19,0.01,20.31373084781785,1.059456338502038,0.01,True
575,58206.360405100044,-97.00683546825167,g,g,4830.0,4830.0,4.699552722912639e-17,-0.41940779405385875,4.699552722912639e-19,0.01,20.302793994450465,1.0485194851346513,0.01,True
576,58206.39084490016,-96.9763956681345,g,g,4830.0,4830.0,5.041009045537632e-17,-0.3889468435091761,5.041009045537633e-19,0.01,20.226641618088756,0.9723671087729429,0.01,True
577,58206.400231500156,-96.9670090681393,g,g,4830.0,4830.0,4.742616035681484e-17,-0.41544635484249604,4.7426160356814845e-19,0.01,20.29289039642206,1.0386158871062463,0.01,True
578,58206.4348726999,-96.93236786839407,g,g,4830.0,4830.0,4.5168208153144195e-17,-0.4366314580319308,4.51682081531442e-19,0.01,20.34585315439564,1.091578645079828,0.01,True
579,58206.43578700023,-96.93145356806781,g,g,4830.0,4830.0,4.481085083532844e-17,-0.4400811301877372,4.481085083532844e-19,0.01,20.354477334785162,1.1002028254693492,0.01,True
580,58206.50291670021,-96.86432386808883,g,g,4830.0,4830.0,4.602818422852344e-17,-0.4284404775461308,4.602818422852344e-19,0.01,20.32537570318114,1.0711011938653279,0.01,True
581,58207.32349540014,-96.04374516815733,g,g,4830.0,4830.0,6.59767499852571e-17,-0.27207340185203144,6.5976749985257095e-19,0.01,19.934458013945893,0.6801835046300795,0.01,True
582,58207.345567100216,-96.02167346807983,g,g,4830.0,4830.0,6.07319575190842e-17,-0.30804704066651034,6.073195751908421e-19,0.01,20.024392110982095,0.7701176016662821,0.01,True
583,58207.39495369978,-95.97228686851304,g,g,4830.0,4830.0,5.652606206425738e-17,-0.3392155892188864,5.652606206425738e-19,0.01,20.10231348236303,0.8480389730472169,0.01,True
584,58207.40107640019,-95.96616416810866,g,g,4830.0,4830.0,6.000176577812065e-17,-0.313300288918013,6.000176577812065e-19,0.01,20.03752523161085,0.7832507222950369,0.01,True
585,58207.43608799996,-95.93115256833698,g,g,4830.0,4830.0,6.424835120443783e-17,-0.28360233332802487,6.424835120443783e-19,0.01,19.963280342635876,0.7090058333200631,0.01,True
586,58207.43799770018,-95.92924286811467,g,g,4830.0,4830.0,5.301009667297414e-17,-0.3671057240044373,5.301009667297414e-19,0.01,20.17203881932691,0.9177643100110977,0.01,True
587,58208.3815394002,-94.98570116809424,g,g,4830.0,4830.0,1.7392444908300862e-16,0.1488963161340564,1.739244490830086e-18,0.01,18.882033718980672,-0.372240790335141,0.01,True
588,58208.40185189992,-94.96538866837363,g,g,4830.0,4830.0,2.5480793162156854e-16,0.31474862228281886,2.5480793162156856e-18,0.01,18.46740295360877,-0.7868715557070445,0.01,True
589,58208.4365393999,-94.93070116839226,g,g,4830.0,4830.0,1.0198264016237091e-16,-0.08293806929690639,1.019826401623709e-18,0.01,19.46161968255808,0.20734517324226687,0.01,True
590,58208.43990739994,-94.92733316835802,g,g,4830.0,4830.0,1.130638859785567e-16,-0.038140412264359824,1.130638859785567e-18,0.01,19.349625539976714,0.09535103066090045,0.01,True
591,58208.48015049985,-94.88709006844874,g,g,4830.0,4830.0,1.764933691891478e-16,0.15526407345562454,1.764933691891478e-18,0.01,18.86611432567675,-0.38816018363906224,0.01,True
592,58208.50081019988,-94.8664303684127,g,g,4830.0,4830.0,1.3168986980072195e-16,0.028088048046782887,1.3168986980072196e-18,0.01,19.184054389198856,-0.07022012011695722,0.01,True
593,58209.45909720007,-93.90814336822223,g,g,4830.0,4830.0,7.969209064423828e-17,-0.19004909997515362,7.969209064423829e-19,0.01,19.7293972592537,0.4751227499378885,0.01,True
594,58209.48104170011,-93.88619886818196,g,g,4830.0,4830.0,8.134083892258326e-17,-0.18115567298011648,8.134083892258326e-19,0.01,19.70716369176611,0.45288918245029564,0.01,True
595,58210.347696799785,-93.01954376851063,g,g,4830.0,4830.0,7.233760348407152e-17,-0.23210020358072292,7.233760348407152e-19,0.01,19.83452501826762,0.5802505089518064,0.01,True
596,58210.37218749989,-92.99505306840729,g,g,4830.0,4830.0,6.649910053832593e-17,-0.2686485491324557,6.649910053832593e-19,0.01,19.925895882146957,0.6716213728311438,0.01,True
597,58210.394201400224,-92.97303916807141,g,g,4830.0,4830.0,6.184029216467619e-17,-0.3001927875009134,6.184029216467619e-19,0.01,20.004756478068096,0.7504819687522826,0.01,True
598,58210.43651620019,-92.93072436810326,g,g,4830.0,4830.0,6.456826306355159e-17,-0.2814452165378736,6.45682630635516e-19,0.01,19.9578875506605,0.7036130413446884,0.01,True
599,58210.43743060017,-92.92980996812548,g,g,4830.0,4830.0,7.121689069437739e-17,-0.23888131164147275,7.12168906943774e-19,0.01,19.851477788419494,0.597203279103681,0.01,True
600,58211.37633100012,-91.99090956817236,g,g,4830.0,4830.0,8.427386798490774e-17,-0.1657713927030411,8.427386798490774e-19,0.01,19.668702991073417,0.4144284817576036,0.01,True
601,58211.38295139978,-91.98428916851844,g,g,4830.0,4830.0,8.586970313555606e-17,-0.1576243587616748,8.586970313555607e-19,0.01,19.64833540622,0.3940608969041861,0.01,True
602,58211.412268499844,-91.95497206845175,g,g,4830.0,4830.0,8.323871710271761e-17,-0.17113894211290237,8.323871710271761e-19,0.01,19.682121864598074,0.42784735528226037,0.01,True
603,58211.435624999925,-91.93161556837003,g,g,4830.0,4830.0,8.450271474793459e-17,-0.1645936588529704,8.45027147479346e-19,0.01,19.66575865644824,0.41148414713242687,0.01,True
604,58211.4365393999,-91.93070116839226,g,g,4830.0,4830.0,8.111768795628233e-17,-0.18234875648404802,8.111768795628234e-19,0.01,19.710146400525936,0.4558718912101227,0.01,True
605,58211.439421299845,-91.92781926845055,g,g,4830.0,4830.0,8.335591973361177e-17,-0.17052787245032697,8.335591973361177e-19,0.01,19.680594190441628,0.42631968112581475,0.01,True
606,58211.459687499795,-91.90755306850042,g,g,4830.0,4830.0,9.025361489223062e-17,-0.1359997146911862,9.025361489223062e-19,0.01,19.594273796043776,0.33999928672796287,0.01,True
607,58211.48096060008,-91.88627996821742,g,g,4830.0,4830.0,8.631667986405392e-17,-0.15536959320612276,8.631667986405392e-19,0.01,19.642698492331117,0.38842398301530423,0.01,True
608,58227.32643519994,-76.04080536835681,g,g,4881.037526530612,4881.037526530612,2.5691016465641652e-17,-0.6816830327646475,2.569101646564165e-19,0.01,20.958482091227438,1.704207581911625,0.01,True
609,58227.34530089982,-76.02193966847699,g,g,4881.037526530612,4881.037526530612,3.1421374901903673e-17,-0.5942391357426491,3.1421374901903674e-19,0.01,20.739872348672435,1.4855978393566218,0.01,True
610,58227.37136569992,-75.99587486837845,g,g,4881.037526530612,4881.037526530612,2.710849556765718e-17,-0.6583589039079047,2.710849556765718e-19,0.01,20.900171769085574,1.645897259769761,0.01,True
611,58227.372789400164,-75.99445116813149,g,g,4881.037526530612,4881.037526530612,3.1715996101667643e-17,-0.5901859644432523,3.1715996101667644e-19,0.01,20.729739420423947,1.4754649111081335,0.01,True
612,58228.466180600226,-74.9010599680696,g,g,4830.0,4830.0,3.394734403501671e-17,-0.5606585185342201,3.394734403501671e-19,0.01,20.655920805651363,1.4016462963355494,0.01,True
613,58229.28439809987,-74.08284246842231,g,g,4366.873551020408,4366.873551020408,3.1530925367133047e-17,-0.5927276036663773,3.1530925367133047e-19,0.01,20.73609351848176,1.481819009165946,0.01,True
614,58229.32528939983,-74.04195116846677,g,g,4366.873551020408,4366.873551020408,2.5727846105710703e-17,-0.6810608909517821,2.57278461057107e-19,0.01,20.956926736695273,1.7026522273794598,0.01,True
615,58229.34745369991,-74.01978686838265,g,g,4366.873551020408,4366.873551020408,2.605618516739926e-17,-0.6755534883749821,2.605618516739926e-19,0.01,20.943158230253275,1.6888837209374614,0.01,True
616,58230.36284720013,-73.00439336816635,g,g,4195.842228571429,4195.842228571429,2.4070671941553117e-17,-0.7099761063093144,2.407067194155312e-19,0.01,21.029214775089105,1.7749402657732922,0.01,True
617,58230.36467589997,-73.00256466832798,g,g,4195.842228571429,4195.842228571429,2.434081665222098e-17,-0.7051291752054833,2.434081665222098e-19,0.01,21.017097447329522,1.7628229380137093,0.01,True
618,58230.39060189994,-72.97663866835501,g,g,4195.842228571429,4195.842228571429,2.5453423447198745e-17,-0.6857181176854343,2.5453423447198747e-19,0.01,20.9685698035294,1.7142952942135885,0.01,True
619,58230.414745400194,-72.95249516810145,g,g,4195.842228571429,4195.842228571429,2.1038190812102314e-17,-0.7684559304874927,2.1038190812102315e-19,0.01,21.175414335534548,1.9211398262187345,0.01,True
620,58231.385555599816,-71.98168496847939,g,g,4879.967518367347,4879.967518367347,2.605493447127567e-17,-0.6755743349976964,2.605493447127567e-19,0.01,20.943210346810055,1.6889358374942418,0.01,True
621,58231.38646990014,-71.98077066815313,g,g,4879.967518367347,4879.967518367347,2.5857978597126728e-17,-0.6788697485925059,2.585797859712673e-19,0.01,20.951448880797084,1.697174371481271,0.01,True
622,58231.43342590006,-71.93381466823485,g,g,4879.967518367347,4879.967518367347,3.063050891111e-17,-0.6053101077822713,3.063050891111e-19,0.01,20.767549778771492,1.5132752694556793,0.01,True
623,58232.26712960005,-71.10011096824746,g,g,4764.327987755102,4764.327987755102,5.2776236304077824e-17,-0.3690259046240403,5.277623630407782e-19,0.01,20.17683927087592,0.9225647615601069,0.01,True
624,58232.28556710016,-71.0816734681357,g,g,4764.327987755102,4764.327987755102,3.9278039536332054e-17,-0.497314517292919,3.9278039536332053e-19,0.01,20.497560802548115,1.2432862932323019,0.01,True
625,58232.44704859983,-70.92019196846377,g,g,4764.327987755102,4764.327987755102,2.3723644536703596e-17,-0.7162829120844005,2.3723644536703595e-19,0.01,21.044981789526815,1.7907072802110022,0.01,True
626,58232.44799769996,-70.91924286833819,g,g,4764.327987755102,4764.327987755102,2.4848434755570574e-17,-0.6961652832460441,2.4848434755570575e-19,0.01,20.994687717430924,1.7404132081151111,0.01,True
627,58232.44988430012,-70.91735626817535,g,g,4764.327987755102,4764.327987755102,2.1170734042018044e-17,-0.7657284038912255,2.1170734042018044e-19,0.01,21.168595519043876,1.914321009728063,0.01,True
628,58233.3073148001,-70.05992576819699,g,g,4830.0,4830.0,3.7250007049800385e-17,-0.5203379609645165,3.7250007049800386e-19,0.01,20.555119411727105,1.300844902411292,0.01,True
629,58234.32466439996,-69.04257616833638,g,g,4830.0,4830.0,6.707395988542955e-17,-0.26491037344157853,6.707395988542955e-19,0.01,19.916550442919764,0.6622759336039508,0.01,True
630,58234.32650459977,-69.04073596852686,g,g,4830.0,4830.0,7.001637665064344e-17,-0.24626468798230228,7.001637665064344e-19,0.01,19.86993622927157,0.6156617199557566,0.01,True
631,58234.352928199805,-69.01431236849021,g,g,4830.0,4830.0,8.988079539402325e-17,-0.13779741321806505,8.988079539402325e-19,0.01,19.59876804236098,0.34449353304516706,0.01,True
632,58234.36371529987,-69.00352526842471,g,g,4830.0,4830.0,7.458158120062073e-17,-0.21883273366189648,7.4581581200620735e-19,0.01,19.80135634347056,0.5470818341547456,0.01,True
633,58234.41111110011,-68.95612946818437,g,g,4830.0,4830.0,9.172236129301868e-17,-0.12898909359814148,9.172236129301869e-19,0.01,19.576747243311168,0.3224727339953546,0.01,True
634,58234.45547450008,-68.91176606821682,g,g,4830.0,4830.0,6.00839194533884e-17,-0.31270606499641396,6.00839194533884e-19,0.01,20.036039671806854,0.7817651624910411,0.01,True
635,58234.456423600204,-68.91081696809124,g,g,4830.0,4830.0,5.352671689559911e-17,-0.3628937138442172,5.352671689559911e-19,0.01,20.16150879392636,0.9072342846105457,0.01,True
636,58235.30894679995,-68.05829376834299,g,g,4830.0,4830.0,5.436418461272787e-17,-0.35615144163922885,5.436418461272787e-19,0.01,20.144653113413888,0.8903786040980748,0.01,True
637,58235.30986109981,-68.0573794684824,g,g,4830.0,4830.0,4.9384458282624774e-17,-0.39787402605655053,4.938445828262477e-19,0.01,20.248959574457192,0.994685065141379,0.01,True
638,58235.31228009984,-68.05496046845656,g,g,4830.0,4830.0,5.4898790272998626e-17,-0.3519015456195955,5.489879027299863e-19,0.01,20.134028373364806,0.8797538640489933,0.01,True
639,58235.33128469996,-68.03595586833399,g,g,4830.0,4830.0,6.255669897955273e-17,-0.29519049663487174,6.255669897955273e-19,0.01,19.99225075090299,0.7379762415871767,0.01,True
640,58235.345960599836,-68.02127996845957,g,g,4830.0,4830.0,6.277183917171532e-17,-0.29369946687507387,6.277183917171532e-19,0.01,19.9885231765035,0.7342486671876856,0.01,True
641,58235.369062500075,-67.99817806822102,g,g,4830.0,4830.0,6.025997439799375e-17,-0.31143537741846394,6.025997439799375e-19,0.01,20.032862952861976,0.7785884435461625,0.01,True
642,58235.36997690005,-67.99726366824325,g,g,4830.0,4830.0,6.310244589915513e-17,-0.29141812708454573,6.310244589915513e-19,0.01,19.982819827027175,0.7285453177113617,0.01,True
643,58235.37089119991,-67.99634936838265,g,g,4830.0,4830.0,6.067515731559449e-17,-0.3084534092187976,6.067515731559448e-19,0.01,20.02540803236281,0.7711335230469984,0.01,True
644,58235.44870370021,-67.91853686808463,g,g,4830.0,4830.0,6.912577319495451e-17,-0.2518243181724795,6.912577319495451e-19,0.01,19.883835304747016,0.6295607954312032,0.01,True
645,58236.363541699946,-67.0036988683496,g,g,4830.0,4830.0,8.76855357786849e-17,-0.14853636028031225,8.76855357786849e-19,0.01,19.625615410016593,0.37134090070077974,0.01,True
646,58236.36445599981,-67.002784568489,g,g,4830.0,4830.0,8.09700309774958e-17,-0.18314001481333086,8.09700309774958e-19,0.01,19.71212454634914,0.45785003703332805,0.01,True
647,58236.38980320003,-66.97743736826669,g,g,4830.0,4830.0,8.36330265654282e-17,-0.16908650664631075,8.36330265654282e-19,0.01,19.676990775931593,0.42271626661577955,0.01,True
648,58236.412835599855,-66.95440496844094,g,g,4830.0,4830.0,8.447791043364584e-17,-0.1647211572201801,8.447791043364584e-19,0.01,19.666077402366263,0.41180289305044937,0.01,True
649,58236.45164350001,-66.91559706828411,g,g,4830.0,4830.0,7.255481802335324e-17,-0.2307980630617319,7.255481802335324e-19,0.01,19.83126966697014,0.5769951576543271,0.01,True
650,58236.45305560017,-66.91418496812548,g,g,4830.0,4830.0,7.272141519840758e-17,-0.22980199833815895,7.272141519840758e-19,0.01,19.828779505161215,0.5745049958454018,0.01,True
651,58236.47243059985,-66.89480996844213,g,g,4830.0,4830.0,6.625908220122168e-17,-0.2702189043569998,6.625908220122168e-19,0.01,19.92982177020831,0.6755472608924968,0.01,True
652,58236.489120400045,-66.87812016825046,g,g,4830.0,4830.0,5.907055334612135e-17,-0.3200932810914825,5.907055334612135e-19,0.01,20.054507712044526,0.8002332027287125,0.01,True
653,58237.33971060021,-66.02752996808704,g,g,4830.0,4830.0,8.403842955356522e-17,-0.16698639219797862,8.403842955356522e-19,0.01,19.67174048981076,0.41746598049494565,0.01,True
654,58237.3854398001,-65.98180076819699,g,g,4830.0,4830.0,8.459677660226955e-17,-0.16411050484484768,8.459677660226955e-19,0.01,19.664550771427937,0.41027626211212365,0.01,True
655,58237.42420140002,-65.9430391682763,g,g,4830.0,4830.0,8.346726608440042e-17,-0.16994813153875832,8.346726608440043e-19,0.01,19.679144838162706,0.42487032884689313,0.01,True
656,58237.42703700019,-65.94020356810506,g,g,4830.0,4830.0,8.856192390800095e-17,-0.14421727771044424,8.856192390800095e-19,0.01,19.614817703591925,0.3605431942761115,0.01,True
657,58237.44997690013,-65.91726366816874,g,g,4830.0,4830.0,7.437581218433896e-17,-0.22003259898083805,7.437581218433896e-19,0.01,19.804356006767907,0.5500814974520942,0.01,True
658,58237.46793980012,-65.89930076817836,g,g,4830.0,4830.0,7.156974562709905e-17,-0.2367348465928334,7.156974562709906e-19,0.01,19.846111625797896,0.5918371164820826,0.01,True
659,58238.196041699965,-65.17119886833098,g,g,4830.0,4830.0,1.3481912508486736e-16,0.03828718419537047,1.3481912508486737e-18,0.01,19.158556548827388,-0.09571796048842529,0.01,True
660,58242.387048599776,-60.98019196851965,g,g,4195.842228571429,4195.842228571429,3.2498552862670586e-17,-0.5796002976552419,3.249855286267059e-19,0.01,20.703275253453917,1.4490007441381039,0.01,True
661,58242.3917824002,-60.97545816809725,g,g,4195.842228571429,4195.842228571429,3.4953615242530363e-17,-0.5479722188816556,3.4953615242530364e-19,0.01,20.62420505651996,1.3699305472041452,0.01,True
662,58242.392696800176,-60.974543768119474,g,g,4195.842228571429,4195.842228571429,3.698911190544149e-17,-0.5233904160471727,3.698911190544149e-19,0.01,20.562750549433748,1.3084760401179345,0.01,True
663,58242.41031249985,-60.95692806844454,g,g,4195.842228571429,4195.842228571429,3.606281164945471e-17,-0.5344047366174802,3.606281164945471e-19,0.01,20.590286350859515,1.3360118415437015,0.01,True
664,58242.424571800046,-60.94266876824986,g,g,4195.842228571429,4195.842228571429,3.7307600539425925e-17,-0.5196670022113654,3.7307600539425926e-19,0.01,20.553442014844226,1.2991675055284126,0.01,True
665,58243.24002309982,-60.12721746847819,g,g,4366.873551020408,4366.873551020408,2.6302176556394367e-17,-0.671472631549813,2.630217655639437e-19,0.01,20.932956088190352,1.6786815788745386,0.01,True
666,58243.26799769979,-60.099242868505826,g,g,4366.873551020408,4366.873551020408,2.6278704361271667e-17,-0.6718603711737661,2.6278704361271667e-19,0.01,20.93392543725023,1.6796509279344178,0.01,True
667,58243.26943290001,-60.097807668287714,g,g,4366.873551020408,4366.873551020408,2.625591222740565e-17,-0.6722372083616097,2.625591222740565e-19,0.01,20.93486753021984,1.680593020904027,0.01,True
668,58244.235601900145,-59.13163866815012,g,g,4764.327987755102,4764.327987755102,3.428685642406115e-17,-0.5563366514076424,3.4286856424061153e-19,0.01,20.645116137834922,1.3908416285191088,0.01,True
669,58244.264039400034,-59.103201168261876,g,g,4764.327987755102,4764.327987755102,5.55707583173987e-17,-0.34661799704264773,5.55707583173987e-19,0.01,20.120819501922433,0.8665449926066202,0.01,True
670,58244.28178239986,-59.085458168432524,g,g,4764.327987755102,4764.327987755102,3.291710765298026e-17,-0.5740426524359581,3.2917107652980263e-19,0.01,20.689381140405715,1.4351066310899014,0.01,True
671,58244.285138899926,-59.08210166836943,g,g,4764.327987755102,4764.327987755102,1.963357377896576e-17,-0.7984649614865109,1.9633573778965761e-19,0.01,21.25043691303209,1.9961624037162764,0.01,True
672,58245.27829860011,-58.08894196818437,g,g,4830.0,4830.0,1.5928572885763948e-16,0.11071254685863252,1.5928572885763948e-18,0.01,18.977493142169234,-0.2767813671465795,0.01,True
673,58245.32787040016,-58.0393701681387,g,g,4830.0,4830.0,9.694962910828276e-17,-0.10491816826633915,9.694962910828277e-19,0.01,19.516569929981664,0.26229542066585054,0.01,True
674,58245.32878470002,-58.038455868278106,g,g,4830.0,4830.0,6.24122597039052e-17,-0.2961944132710901,6.24122597039052e-19,0.01,19.994760542493538,0.7404860331777243,0.01,True
675,58245.330196800176,-58.037043768119474,g,g,4830.0,4830.0,4.619702721770109e-17,-0.42685029067027536,4.619702721770109e-19,0.01,20.3214002359915,1.0671257266756875,0.01,True
676,58246.3244097,-57.04283086829673,g,g,4195.842228571429,4195.842228571429,2.6046937320351645e-17,-0.6757076552959926,2.6046937320351644e-19,0.01,20.943543647555796,1.6892691382399825,0.01,True
677,58246.32532409998,-57.04191646831896,g,g,4195.842228571429,4195.842228571429,2.4981078613650225e-17,-0.6938531341683447,2.4981078613650224e-19,0.01,20.988907344736674,1.7346328354208609,0.01,True
678,58246.34898150014,-57.01825906815793,g,g,4195.842228571429,4195.842228571429,2.7743601089419416e-17,-0.6483014888916916,2.7743601089419415e-19,0.01,20.875028231545045,1.6207537222292316,0.01,True
679,58246.373182899784,-56.99405766851123,g,g,4195.842228571429,4195.842228571429,2.48187739388696e-17,-0.696683996936299,2.48187739388696e-19,0.01,20.995984501656565,1.741709992340752,0.01,True
680,58247.31224540016,-56.0549951681387,g,g,4366.873551020408,4366.873551020408,2.0511085597203064e-17,-0.7794756732133958,2.0511085597203063e-19,0.01,21.202963692349307,1.948689183033494,0.01,True
681,58247.32526620012,-56.04197436817776,g,g,4366.873551020408,4366.873551020408,1.93795177412062e-17,-0.8041213547994683,1.93795177412062e-19,0.01,21.26457789631449,2.0103033869986753,0.01,True
682,58247.326180600096,-56.04105996819999,g,g,4366.873551020408,4366.873551020408,2.140777202669221e-17,-0.7608928489708351,2.140777202669221e-19,0.01,21.1565066317429,1.9022321224270868,0.01,True
683,58247.34918980021,-56.01805076808523,g,g,4366.873551020408,4366.873551020408,2.1893929142180056e-17,-0.7511406120480206,2.1893929142180057e-19,0.01,21.13212603943587,1.8778515301200578,0.01,True
684,58248.32604169985,-55.041198868442734,g,g,4879.967518367347,4879.967518367347,2.7042849418122424e-17,-0.6594118703475988,2.7042849418122423e-19,0.01,20.90280418518481,1.6485296758689962,0.01,True
685,58248.34293980012,-55.024300768178364,g,g,4879.967518367347,4879.967518367347,2.6624414692535967e-17,-0.6661842511601339,2.6624414692535965e-19,0.01,20.91973513721615,1.6654606279003374,0.01,True
686,58248.34384260001,-55.02339796828892,g,g,4879.967518367347,4879.967518367347,2.6774584499418478e-17,-0.6637415802714468,2.6774584499418477e-19,0.01,20.913628459994435,1.6593539506786215,0.01,True
687,58248.34525460005,-55.02198596824746,g,g,4879.967518367347,4879.967518367347,2.7298904452014393e-17,-0.6553191017721947,2.7298904452014392e-19,0.01,20.892572263746302,1.6382977544304893,0.01,True
688,58248.362395800184,-55.00484476811107,g,g,4879.967518367347,4879.967518367347,2.997205096671639e-17,-0.6147478578083234,2.9972050966716394e-19,0.01,20.791144153836626,1.536869644520813,0.01,True
689,58249.37067130022,-53.99656926807802,g,g,4180.780293877551,4180.780293877551,3.486704032838413e-17,-0.5490492361753798,3.486704032838413e-19,0.01,20.62689759975427,1.3726230904384558,0.01,True
690,58249.3838657001,-53.983374868192186,g,g,4180.780293877551,4180.780293877551,3.2939554257070446e-17,-0.5737466023056133,3.293955425707045e-19,0.01,20.688641015079845,1.4343665057640322,0.01,True
691,58254.411574100144,-48.95566646815132,g,g,4180.780293877551,4180.780293877551,1.9757608886749403e-17,-0.7957299361706536,1.9757608886749404e-19,0.01,21.243599349742453,1.9893248404266402,0.01,True
692,58254.426076400094,-48.941164168201794,g,g,4180.780293877551,4180.780293877551,2.0475247652115806e-17,-0.7802351569010941,2.0475247652115805e-19,0.01,21.204862401568555,1.9505878922527415,0.01,True
693,58255.34453700017,-48.02270356812369,g,g,4366.873551020408,4366.873551020408,2.6752821564584076e-17,-0.6640947273310349,2.675282156458408e-19,0.01,20.9145113276434,1.6602368183275864,0.01,True
694,58255.34543980006,-48.02180076823424,g,g,4366.873551020408,4366.873551020408,2.6723543518699033e-17,-0.6645702755482485,2.6723543518699034e-19,0.01,20.91570019818644,1.6614256888706258,0.01,True
695,58255.36930559995,-47.997934968349,g,g,4366.873551020408,4366.873551020408,2.597515306500547e-17,-0.6769062048175609,2.597515306500547e-19,0.01,20.946540021359716,1.6922655120439032,0.01,True
696,58255.3917129999,-47.97552756839286,g,g,4366.873551020408,4366.873551020408,2.461907176147508e-17,-0.7001926459953882,2.461907176147508e-19,0.01,21.004756124304283,1.7504816149884697,0.01,True
697,58258.29856480006,-45.06867576823424,g,g,4366.873551020408,4366.873551020408,2.556815491372159e-17,-0.6837649312730303,2.556815491372159e-19,0.01,20.96368683749839,1.7094123281825766,0.01,True
698,58258.29947920004,-45.06776136825647,g,g,4366.873551020408,4366.873551020408,2.4301105474154843e-17,-0.7058382898367181,2.4301105474154844e-19,0.01,21.01887023390761,1.7645957245917963,0.01,True
699,58258.3003934999,-45.06684706839587,g,g,4366.873551020408,4366.873551020408,2.5009992346072268e-17,-0.6933507614205201,2.500999234607227e-19,0.01,20.987651412867116,1.733376903551303,0.01,True
700,58258.32657410018,-45.04066646811407,g,g,4366.873551020408,4366.873551020408,2.435113329318278e-17,-0.7049451423083166,2.435113329318278e-19,0.01,21.01663736508661,1.762362855770796,0.01,True
701,58259.38908560015,-43.97815496814292,g,g,4830.0,4830.0,9.750577243274045e-17,-0.10243399314350832,9.750577243274046e-19,0.01,19.510359492174587,0.25608498285877346,0.01,True
702,58261.23833330022,-42.12890726807382,g,g,4881.037526530612,4881.037526530612,4.400821100596798e-17,-0.4479306059853574,4.400821100596799e-19,0.01,20.374101024279206,1.1198265149633926,0.01,True
703,58261.246724499855,-42.12051606844034,g,g,4881.037526530612,4881.037526530612,4.8978712460300304e-17,-0.40145695592386055,4.897871246030031e-19,0.01,20.257916899125465,1.0036423898096523,0.01,True
704,58262.28181710001,-41.085423468284716,g,g,4195.842228571429,4195.842228571429,4.897233463266027e-17,-0.4015135118349331,4.897233463266028e-19,0.01,20.25805828890315,1.0037837795873372,0.01,True
705,58263.30260419985,-40.064636368442734,g,g,4195.842228571429,4195.842228571429,5.900917550594495e-17,-0.3205447736543423,5.900917550594495e-19,0.01,20.055636443451668,0.8013619341358549,0.01,True
706,58266.201261600014,-37.165978968281706,g,g,4180.780293877551,4180.780293877551,6.162550407653317e-17,-0.30170383555472746,6.162550407653317e-19,0.01,20.008534098202638,0.7542595888868249,0.01,True
707,58266.41130790021,-36.95593266808282,g,g,4180.780293877551,4180.780293877551,1.1030068596428352e-16,-0.04888610689885198,1.1030068596428352e-18,0.01,19.376489776562945,0.12221526724713172,0.01,True
708,58266.41642360017,-36.95081696812849,g,g,4180.780293877551,4180.780293877551,1.0038362395086539e-16,-0.08980145014051466,1.003836239508654e-18,0.01,19.4787781346671,0.22450362535128576,0.01,True
709,58266.42421300011,-36.94302756818797,g,g,4180.780293877551,4180.780293877551,8.774789608302254e-17,-0.14822760798701218,8.774789608302255e-19,0.01,19.624843529283346,0.3705690199675331,0.01,True
710,58267.20078699989,-36.166453568403085,g,g,4366.873551020408,4366.873551020408,8.131858950056161e-17,-0.1812744832005091,8.131858950056162e-19,0.01,19.707460717317087,0.4531862080012736,0.01,True
711,58267.221180600114,-36.14605996818136,g,g,4366.873551020408,4366.873551020408,7.427591685560506e-17,-0.2206162988388609,7.427591685560506e-19,0.01,19.805815256412966,0.5515407470971532,0.01,True
712,58267.45473380014,-35.912506768152525,g,g,4366.873551020408,4366.873551020408,8.760598316337508e-17,-0.14893055236023223,8.760598316337507e-19,0.01,19.62660089021639,0.3723263809005779,0.01,True
713,58269.26854170021,-34.09869886808883,g,g,4366.873551020408,4366.873551020408,8.332468876734186e-17,-0.17069062007401392,8.332468876734186e-19,0.01,19.68100105950085,0.42672655018503747,0.01,True
714,58269.28120370023,-34.086036868066,g,g,4366.873551020408,4366.873551020408,7.12967856896574e-17,-0.2383943694742765,7.129678568965741e-19,0.01,19.850260433001502,0.5959859236856886,0.01,True
715,58269.28211810021,-34.08512246808823,g,g,4366.873551020408,4366.873551020408,7.377992753017283e-17,-0.22352609593360206,7.377992753017283e-19,0.01,19.81308974914982,0.5588152398340078,0.01,True
716,58269.308263900224,-34.05897666807141,g,g,4366.873551020408,4366.873551020408,6.258997666577513e-17,-0.2949595305982111,6.258997666577514e-19,0.01,19.99167333581134,0.7373988264955251,0.01,True
717,58270.26207179995,-33.10516876834299,g,g,4195.842228571429,4195.842228571429,5.785183441753787e-17,-0.32914718573913326,5.785183441753787e-19,0.01,20.077142473663653,0.8228679643478394,0.01,True
718,58272.21380789997,-31.153432668324967,g,g,4881.037526530612,4881.037526530612,1.984036739244231e-17,-0.7939146103353014,1.984036739244231e-19,0.01,21.239061035154073,1.9847865258382598,0.01,True
719,58272.24262729986,-31.124613268439134,g,g,4881.037526530612,4881.037526530612,2.0625079261419142e-17,-0.7770686940389719,2.0625079261419143e-19,0.01,21.196946244413247,1.9426717350974343,0.01,True
720,58272.26497690007,-31.102263668224623,g,g,4881.037526530612,4881.037526530612,2.5065815110161974e-17,-0.6923824883288727,2.5065815110161973e-19,0.01,20.985230730137996,1.7309562208221827,0.01,True
721,58272.26589119993,-31.101349368364026,g,g,4881.037526530612,4881.037526530612,2.5345059993628543e-17,-0.6875709966740775,2.5345059993628544e-19,0.01,20.973202001001013,1.7189274916852,0.01,True
722,58273.26371529978,-30.103525268517842,g,g,4879.967518367347,4879.967518367347,1.8773335699950483e-17,-0.8179228740790965,1.8773335699950484e-19,0.01,21.299081694513557,2.044807185197744,0.01,True
723,58273.28143520001,-30.08580536828231,g,g,4879.967518367347,4879.967518367347,2.2818507778088896e-17,-0.7331770800251594,2.2818507778088895e-19,0.01,21.087217209378718,1.8329427000629046,0.01,True
724,58274.24565970013,-29.121580868166347,g,g,4366.873551020408,4366.873551020408,1.868704490843167e-17,-0.8199236909566512,1.8687044908431671e-19,0.01,21.30408373670744,2.049809227391627,0.01,True
725,58274.26483799983,-29.10240256846737,g,g,4366.873551020408,4366.873551020408,1.8759995789016782e-17,-0.8182315836831595,1.8759995789016783e-19,0.01,21.29985346852371,2.045578959207898,0.01,True
726,58274.28229170013,-29.084948868163337,g,g,4366.873551020408,4366.873551020408,1.6801581490236867e-17,-0.866114157554227,1.6801581490236869e-19,0.01,21.41955990320138,2.1652853938855685,0.01,True
727,58276.24990739999,-27.11733316830214,g,g,4879.967518367347,4879.967518367347,1.7416987550673015e-17,-0.8504912788270342,1.7416987550673015e-19,0.01,21.3805027063834,2.1262281970675865,0.01,True
728,58276.268402799964,-27.098837768331578,g,g,4879.967518367347,4879.967518367347,1.8748938554404736e-17,-0.8184876344721399,1.8748938554404736e-19,0.01,21.300493595496164,2.0462190861803506,0.01,True
729,58276.347870400175,-27.019370168120076,g,g,4879.967518367347,4879.967518367347,2.072200018905048e-17,-0.7750326469127469,2.072200018905048e-19,0.01,21.191856126597685,1.9375816172818716,0.01,True
730,58277.32504629996,-26.04219426833879,g,g,4764.327987755102,4764.327987755102,2.5163787924290423e-17,-0.6906883038662937,2.5163787924290424e-19,0.01,20.98099526898155,1.7267207596657386,0.01,True
731,58277.34583330015,-26.021407268148323,g,g,4764.327987755102,4764.327987755102,2.1582536771337924e-17,-0.7573618307269445,2.1582536771337926e-19,0.01,21.147679086133177,1.893404576817364,0.01,True
732,58277.36120369984,-26.00603686845716,g,g,4764.327987755102,4764.327987755102,2.4744173631537858e-17,-0.6979913657622934,2.474417363153786e-19,0.01,20.999252923721546,1.7449784144057325,0.01,True
733,58278.207650499884,-25.15959006841149,g,g,4366.873551020408,4366.873551020408,2.783706386678693e-17,-0.6468408943930495,2.783706386678693e-19,0.01,20.87137674529844,1.6171022359826281,0.01,True
734,58278.22037040023,-25.146870168064197,g,g,4366.873551020408,4366.873551020408,2.3856435231762997e-17,-0.713858770883876,2.3856435231763e-19,0.01,21.03892143652551,1.784646927209696,0.01,True
735,58278.35013889987,-25.017101668425312,g,g,4366.873551020408,4366.873551020408,1.904751232024667e-17,-0.8116260570878158,1.904751232024667e-19,0.01,21.28333965203535,2.0290651427195385,0.01,True
736,58279.30402779998,-24.06321276831295,g,g,4195.842228571429,4195.842228571429,4.1516973499618e-17,-0.47323863340533556,4.1516973499618e-19,0.01,20.437371092829153,1.1830965835133398,0.01,True
737,58279.32391199982,-24.04332856847759,g,g,4195.842228571429,4195.842228571429,2.4381087826820478e-17,-0.7044112413283816,2.438108782682048e-19,0.01,21.015302612636766,1.7610281033209532,0.01,True
738,58279.34552079998,-24.02171976831596,g,g,4195.842228571429,4195.842228571429,2.676241121962078e-17,-0.6639390806452692,2.676241121962078e-19,0.01,20.91412221092899,1.6598477016131774,0.01,True
739,58280.24589119991,-23.121349368382653,g,g,4366.873551020408,4366.873551020408,2.0100832686761427e-17,-0.7882502715887387,2.0100832686761427e-19,0.01,21.224900188287663,1.9706256789718495,0.01,True
740,58280.26359950006,-23.103641068235447,g,g,4366.873551020408,4366.873551020408,1.8716047413018177e-17,-0.819250183530075,1.8716047413018178e-19,0.01,21.302399968141003,2.04812545882519,0.01,True
741,58280.28096059989,-23.086279968403687,g,g,4366.873551020408,4366.873551020408,1.8864455659610716e-17,-0.8158200422414144,1.8864455659610717e-19,0.01,21.29382461491935,2.0395501056035386,0.01,True
742,58281.26762730023,-22.099613268066605,g,g,4830.0,4830.0,2.0260287804412643e-17,-0.7848187098700539,2.0260287804412644e-19,0.01,21.21632128399095,1.9620467746751373,0.01,True
743,58282.26910880022,-21.09813176807802,g,g,4879.967518367347,4879.967518367347,2.211051268461166e-17,-0.7468655074000434,2.211051268461166e-19,0.01,21.121438277815926,1.867163768500113,0.01,True
744,58282.2795833,-21.087657268297335,g,g,4879.967518367347,4879.967518367347,2.527279294508387e-17,-0.6888110809490389,2.527279294508387e-19,0.01,20.976302211688413,1.7220277023725998,0.01,True
745,58283.2667824002,-20.100458168097248,g,g,4195.842228571429,4195.842228571429,1.9555892819582138e-17,-0.8001866718909536,1.9555892819582137e-19,0.01,21.2547411890432,2.0004666797273885,0.01,True
746,58283.28094909992,-20.08629146837484,g,g,4195.842228571429,4195.842228571429,1.8999089457921457e-17,-0.8127315325982583,1.8999089457921458e-19,0.01,21.286103340811465,2.031828831495652,0.01,True
747,58283.30153940013,-20.065701168168744,g,g,4195.842228571429,4195.842228571429,1.8963074623585404e-17,-0.8135555661532354,1.8963074623585404e-19,0.01,21.2881634246989,2.0338889153830877,0.01,True
748,58284.22795139998,-19.139289168313553,g,g,4195.842228571429,4195.842228571429,2.2008787618752075e-17,-0.7488682006774798,2.2008787618752073e-19,0.01,21.126445011009512,1.8721705016936987,0.01,True
749,58284.244131899904,-19.12310866839107,g,g,4195.842228571429,4195.842228571429,2.4541682184555256e-17,-0.701559992558602,2.4541682184555256e-19,0.01,21.008174490712324,1.7538999813965113,0.01,True
750,58284.24504629988,-19.122194268413296,g,g,4195.842228571429,4195.842228571429,2.291617813909787e-17,-0.7313221306594269,2.291617813909787e-19,0.01,21.08257983596438,1.828305326648568,0.01,True
751,58284.26464120019,-19.102599368103256,g,g,4195.842228571429,4195.842228571429,2.1483494372995975e-17,-0.7593593978007807,2.1483494372995976e-19,0.01,21.152673003817767,1.8983984945019543,0.01,True
752,58285.22939810017,-18.13784246812429,g,g,4366.873551020408,4366.873551020408,5.731648223654095e-16,0.6668152077476108,5.731648223654095e-18,0.01,17.587236489946786,-1.667038019369027,0.01,True
753,58286.22847220022,-17.138768368073215,g,g,4366.873551020408,4366.873551020408,1.8572795533850926e-17,-0.8225870425898076,1.8572795533850926e-19,0.01,21.310742115790333,2.05646760647452,0.01,True
754,58286.24444440007,-17.12279616822343,g,g,4366.873551020408,4366.873551020408,2.0378856759454736e-17,-0.7822845035246448,2.0378856759454736e-19,0.01,21.209985768127424,1.9557112588116112,0.01,True
755,58286.259988400154,-17.107252168141713,g,g,4366.873551020408,4366.873551020408,1.9779221453449344e-17,-0.7952551272741548,1.9779221453449345e-19,0.01,21.2424123275012,1.9881378181853862,0.01,True
756,58288.22892360017,-15.138316968128493,g,g,4195.842228571429,4195.842228571429,2.4011974368373654e-17,-0.7110364491461869,2.4011974368373654e-19,0.01,21.03186563218128,1.7775911228654664,0.01,True
757,58288.34686340019,-15.02037716810446,g,g,4195.842228571429,4195.842228571429,2.1658115712901107e-17,-0.7558436505511619,2.1658115712901108e-19,0.01,21.14388363569372,1.8896091263779056,0.01,True
758,58288.359247699846,-15.007992868449946,g,g,4195.842228571429,4195.842228571429,2.7827632363478316e-17,-0.6469880630712108,2.782763236347832e-19,0.01,20.87174466699384,1.617470157678028,0.01,True
759,58289.18693289999,-14.180307668306341,g,g,4764.327987755102,4764.327987755102,3.239023973601834e-17,-0.581050157793717,3.2390239736018346e-19,0.01,20.706899903800107,1.4526253944842935,0.01,True
760,58289.19871529983,-14.168525268461963,g,g,4764.327987755102,4764.327987755102,2.888525465031148e-17,-0.6307881196388383,2.888525465031148e-19,0.01,20.83124480841291,1.5769702990970984,0.01,True
761,58289.36517360015,-14.002066968147119,g,g,4764.327987755102,4764.327987755102,2.4270170179357105e-17,-0.7063914986813504,2.4270170179357105e-19,0.01,21.020253256019195,1.7659787467033823,0.01,True
762,58290.199259299785,-13.16798126851063,g,g,4333.342228571429,4333.342228571429,3.5113100253602586e-17,-0.5459951437645021,3.511310025360259e-19,0.01,20.61926236872707,1.3649878594112579,0.01,True
763,58290.20109950006,-13.166141068235447,g,g,4333.342228571429,4333.342228571429,3.8523164860950285e-17,-0.5057423609693625,3.8523164860950285e-19,0.01,20.51863041173922,1.2643559024234072,0.01,True
764,58290.22710649995,-13.140134068344196,g,g,4333.342228571429,4333.342228571429,3.273629241664061e-17,-0.5764348288608385,3.273629241664061e-19,0.01,20.69536158146791,1.4410870721520972,0.01,True
765,58290.24769680016,-13.1195437681381,g,g,4333.342228571429,4333.342228571429,3.4727125041521687e-17,-0.5507954894298965,3.4727125041521687e-19,0.01,20.631263232890554,1.3769887235747404,0.01,True
766,58292.20717590023,-11.160064668067207,g,g,4228.183710204082,4228.183710204082,3.5770819167658086e-17,-0.5379354344423053,3.5770819167658086e-19,0.01,20.599113095421583,1.3448385861057695,0.01,True
767,58292.22224539984,-11.144995168455353,g,g,4228.183710204082,4228.183710204082,4.0969299575869224e-17,-0.47900578106132663,4.0969299575869225e-19,0.01,20.45178896196913,1.1975144526533157,0.01,True
768,58292.344143500086,-11.023097068209609,g,g,4228.183710204082,4228.183710204082,3.653118612397763e-17,-0.5288005467779104,3.653118612397763e-19,0.01,20.57627587626059,1.3220013669447752,0.01,True
769,58293.18577549979,-10.181465068504622,g,g,4195.842228571429,4195.842228571429,5.044624258983071e-17,-0.38863549621543747,5.044624258983071e-19,0.01,20.225863249854413,0.9715887405385999,0.01,True
770,58293.20037040021,-10.166870168082824,g,g,4195.842228571429,4195.842228571429,5.619471453293057e-17,-0.34176885088503717,5.619471453293057e-19,0.01,20.10869663652841,0.8544221272125974,0.01,True
771,58293.20128470007,-10.165955868222227,g,g,4195.842228571429,4195.842228571429,4.4991134318822014e-17,-0.4383373774831245,4.499113431882201e-19,0.01,20.35011795302363,1.0958434437078175,0.01,True
772,58293.21636570012,-10.15087486817356,g,g,4195.842228571429,4195.842228571429,6.224588749251472e-17,-0.2973536568163322,6.224588749251472e-19,0.01,19.997658651356645,0.7433841420408314,0.01,True
773,58294.19847219996,-9.168768368333986,g,g,4180.780293877551,4180.780293877551,4.170741436153414e-17,-0.4712510535157488,4.170741436153414e-19,0.01,20.432402143105186,1.178127633789373,0.01,True
774,58294.22336809989,-9.14387246840488,g,g,4180.780293877551,4180.780293877551,4.111914577661897e-17,-0.47742023634492803,4.111914577661897e-19,0.01,20.447825100178136,1.1935505908623227,0.01,True
775,58329.180092600174,25.81285203187872,g,g,4366.873551020408,4366.873551020408,9.018560058828712e-17,-0.13632711844555523,9.018560058828712e-19,0.01,19.595092305429706,0.3408177961138925,0.01,True
776,58349.173449099995,45.80620853169967,g,g,5393.061485714286,5393.061485714286,4.05829698943852e-17,-0.4831204943619536,4.0582969894385203e-19,0.01,20.4620757452207,1.2078012359048884,0.01,True
777,58350.24337959988,46.8761390315849,g,g,5347.875681632653,5347.875681632653,4.617997128629958e-17,-0.4270106616954319,4.617997128629958e-19,0.01,20.321801163554397,1.0675266542385842,0.01,True
778,58352.18265049998,48.81540993168164,g,g,3702.391118367347,3702.391118367347,5.171496149745136e-17,-0.37784811456027434,5.171496149745137e-19,0.01,20.198894795716505,0.9446202864006921,0.01,True
779,58352.19631939987,48.82907883157168,g,g,3702.391118367347,3702.391118367347,5.682469285184277e-17,-0.3369272232818634,5.682469285184277e-19,0.01,20.096592567520478,0.8423180582046648,0.01,True
780,58359.14240740007,55.77516683177237,g,g,4879.967518367347,4879.967518367347,6.126364729358539e-17,-0.3042614715465586,6.12636472935854e-19,0.01,20.01492818818221,0.7606536788663973,0.01,True
781,58359.14331019996,55.77606963166181,g,g,4879.967518367347,4879.967518367347,1.4024785092226804e-16,0.055431894857489894,1.4024785092226805e-18,0.01,19.115694772172088,-0.13857973714372562,0.01,True
782,58367.24254629994,63.875305731642584,g,g,5347.875681632653,5347.875681632653,3.781049264996132e-17,-0.5138519842237503,3.781049264996132e-19,0.01,20.53890446987519,1.2846299605593785,0.01,True
783,58368.23780089989,64.87056033159752,g,g,5384.927412244898,5384.927412244898,4.30087601193892e-17,-0.4579073975916881,4.30087601193892e-19,0.01,20.399043003295034,1.144768493979221,0.01,True
784,58377.19591439981,73.8286738315146,g,g,5393.061485714286,5393.061485714286,3.9390327936209543e-17,-0.4960747237867462,3.9390327936209544e-19,0.01,20.494461318782683,1.24018680946687,0.01,True
785,58383.18157410016,79.8143335318673,g,g,4195.842228571429,4195.842228571429,8.658554117726252e-17,-0.15401894452002374,8.658554117726252e-19,0.01,19.639321870615877,0.3850473613000638,0.01,True
786,58385.11700229999,81.74976173169125,g,g,5379.542983673469,5379.542983673469,7.146582605679312e-17,-0.2373659022575918,7.146582605679312e-19,0.01,19.84768926495979,0.5934147556439768,0.01,True
787,58385.13834490022,81.77110433192138,g,g,5379.542983673469,5379.542983673469,7.428544387317128e-17,-0.2205605975294045,7.428544387317128e-19,0.01,19.80567600313932,0.5514014938235086,0.01,True
788,58385.15895830002,81.79171773172129,g,g,5379.542983673469,5379.542983673469,8.77728277339779e-17,-0.14810423020834484,8.77728277339779e-19,0.01,19.624535084836673,0.37026057552085945,0.01,True
789,58397.09994209977,93.73270153147314,g,g,4830.0,4830.0,6.668478739344868e-17,-0.2674375493629473,6.668478739344868e-19,0.01,19.922868382723184,0.6685938734073709,0.01,True
790,58472.53484949982,169.1676089315224,g,g,4830.0,4830.0,3.3597906151277516e-17,-0.5651521075924908,3.3597906151277515e-19,0.01,20.66715477829704,1.412880268981226,0.01,True
791,58480.51097219996,177.14373163166601,g,g,4195.842228571429,4195.842228571429,5.3175547273931326e-17,-0.36575235195712885,5.317554727393133e-19,0.01,20.168655389208638,0.9143808798928248,0.01,True
792,58487.51116900006,184.14392843176756,g,g,4366.873551020408,4366.873551020408,2.782899660202366e-17,-0.6469667724798338,2.782899660202366e-19,0.01,20.8716914405154,1.6174169311995854,0.01,True
793,58491.510266200174,188.14302563187812,g,g,4830.0,4830.0,3.446013693501957e-17,-0.554147321360654,3.4460136935019575e-19,0.01,20.63964281271745,1.3853683034016377,0.01,True
794,58494.53502310021,191.16778253191296,g,g,4830.0,4830.0,1.694238748709453e-17,-0.8624897100316478,1.694238748709453e-19,0.01,21.41049878439494,2.1562242750791256,0.01,True
795,58502.4499189998,199.0826784315068,g,g,4830.0,4830.0,8.06444258074534e-17,-0.18488996618240172,8.064442580745341e-19,0.01,19.716499424771815,0.46222491545600164,0.01,True
796,58505.49200229999,202.12476173169125,g,g,4366.873551020408,4366.873551020408,1.512338346682888e-16,0.08818464397817216,1.512338346682888e-18,0.01,19.033812899370382,-0.2204616099454313,0.01,True
797,58511.508553199936,208.14131263164018,g,g,4830.0,4830.0,4.16417060506575e-17,-0.4719358060986085,4.16417060506575e-19,0.01,20.43411402456234,1.1798395152465275,0.01,True
798,58526.4652315001,223.09799093180482,g,g,4366.873551020408,4366.873551020408,3.6182530323644975e-17,-0.5329653854910763,3.6182530323644976e-19,0.01,20.58668797304351,1.332413463727697,0.01,True
799,58538.42965279985,235.06241223155666,g,g,4180.780293877551,4180.780293877551,1.981902338877175e-16,0.20561792994188188,1.9819023388771748e-18,0.01,18.74022968446111,-0.5140448248547038,0.01,True
800,58538.44829860004,235.08105803174112,g,g,4180.780293877551,4180.780293877551,2.111039327055113e-16,0.2330320037166782,2.111039327055113e-18,0.01,18.67169450002412,-0.5825800092916928,0.01,True
801,58538.53890050016,235.1716599318679,g,g,4180.780293877551,4180.780293877551,7.225883979564106e-17,-0.2325733360847746,7.225883979564106e-19,0.01,19.835707849527747,0.5814333402119338,0.01,True
802,58538.539814800024,235.1725742317285,g,g,4180.780293877551,4180.780293877551,7.536445406867208e-17,-0.214297762724998,7.536445406867208e-19,0.01,19.790018916128307,0.5357444068124941,0.01,True
803,58539.38276620023,236.015525631934,g,g,4879.967518367347,4879.967518367347,3.800915834249472e-17,-0.5115760673516174,3.800915834249472e-19,0.01,20.533214677694858,1.2789401683790445,0.01,True
804,58539.4090741002,236.04183353190456,g,g,4879.967518367347,4879.967518367347,1.0807812396255638e-16,-0.05772652271583034,1.0807812396255639e-18,0.01,19.39859081610539,0.14431630678957674,0.01,True
805,58540.42339120014,237.05615063184086,g,g,4366.873551020408,4366.873551020408,3.378381898993248e-17,-0.5627555787218501,3.378381898993248e-19,0.01,20.661163456120438,1.4068889468046244,0.01,True
806,58540.44557869993,237.07833813163597,g,g,4366.873551020408,4366.873551020408,2.860565145759834e-17,-0.635012477518968,2.860565145759834e-19,0.01,20.841805703113238,1.5875311937974246,0.01,True
807,58540.4932754999,237.12603493160714,g,g,4366.873551020408,4366.873551020408,2.5726870191147318e-17,-0.6810773650221993,2.572687019114732e-19,0.01,20.95696792187131,1.7026934125554973,0.01,True
808,58541.431585600134,238.06434503183846,g,g,4366.873551020408,4366.873551020408,2.3516334246541137e-17,-0.720094695889399,2.3516334246541136e-19,0.01,21.054511249039315,1.800236739723502,0.01,True
809,58541.43248840002,238.0652478317279,g,g,4366.873551020408,4366.873551020408,2.330356201946688e-17,-0.7240420109255172,2.330356201946688e-19,0.01,21.064379536629605,1.8101050273137922,0.01,True
810,58541.44424769981,238.0770071315128,g,g,4366.873551020408,4366.873551020408,2.0257110387604933e-17,-0.7848868255265717,2.0257110387604934e-19,0.01,21.216491573132245,1.962217063816432,0.01,True
811,58543.49148150021,240.12424093191657,g,g,5393.061485714286,5393.061485714286,2.38426564940541e-17,-0.7141096783835597,2.3842656494054103e-19,0.01,21.03954870527471,1.7852741959588982,0.01,True
812,58543.51737269992,240.15013213162456,g,g,5393.061485714286,5393.061485714286,6.635757098230539e-17,-0.2695738399402625,6.635757098230539e-19,0.01,19.928209109166467,0.6739345998506536,0.01,True
813,58547.3871065001,244.01986593180482,g,g,4764.327987755102,4764.327987755102,2.874489793916868e-17,-0.6329035492509423,2.8744897939168684e-19,0.01,20.83653338244317,1.5822588731273584,0.01,True
814,58556.45282409992,253.08558353162516,g,g,4881.037526530612,4881.037526530612,2.575412697346612e-17,-0.6806174877115954,2.575412697346612e-19,0.01,20.955818228594808,1.7015437192789946,0.01,True
815,58556.466330999974,253.09909043167863,g,g,4881.037526530612,4881.037526530612,3.6085779997450155e-17,-0.5341282231914466,3.608577999745016e-19,0.01,20.589595067294432,1.3353205579786191,0.01,True
816,58556.4695255002,253.10228493190516,g,g,4881.037526530612,4881.037526530612,2.5745825479074296e-17,-0.6807574992287133,2.57458254790743e-19,0.01,20.956168257387596,1.7018937480717824,0.01,True
817,58556.49631940015,253.12907883185107,g,g,4881.037526530612,4881.037526530612,3.551929505989435e-17,-0.5409999823536165,3.551929505989435e-19,0.01,20.606774465199855,1.352499955884042,0.01,True
818,58557.447731500026,254.0804909317303,g,g,4195.842228571429,4195.842228571429,3.4905499698448865e-17,-0.5485704606031643,3.4905499698448867e-19,0.01,20.625700660823725,1.3714261515079116,0.01,True
819,58557.4776504999,254.11040993160714,g,g,4195.842228571429,4195.842228571429,4.279941039090257e-17,-0.4600265340730747,4.279941039090257e-19,0.01,20.4043408444985,1.1500663351826859,0.01,True
820,58558.40428239992,255.03704183162336,g,g,4333.342228571429,4333.342228571429,3.6453248271099936e-17,-0.5297280868097776,3.645324827109994e-19,0.01,20.578594726340256,1.324320217024443,0.01,True
821,58558.45842589997,255.09118533167202,g,g,4333.342228571429,4333.342228571429,2.2079383006941942e-17,-0.747477387073447,2.207938300694194e-19,0.01,21.122967976999433,1.8686934676836202,0.01,True
822,58560.261088000145,256.8938474318493,g,g,4195.842228571429,4195.842228571429,7.420911346334703e-17,-0.22100707690618826,7.420911346334703e-19,0.01,19.806792201581285,0.5525176922654715,0.01,True
823,58560.26199069992,256.89475013162155,g,g,4195.842228571429,4195.842228571429,8.643840471971854e-17,-0.15475757716037997,8.643840471971854e-19,0.01,19.641168452216768,0.38689394290095436,0.01,True
824,58560.280277799815,256.9130372315194,g,g,4195.842228571429,4195.842228571429,6.447847198654655e-17,-0.28204958325114937,6.447847198654655e-19,0.01,19.95939846744369,0.7051239581278779,0.01,True
825,58560.497777800076,257.1305372317802,g,g,4195.842228571429,4195.842228571429,4.156389619364089e-17,-0.47274806874629327,4.156389619364089e-19,0.01,20.43614468118155,1.1818701718657358,0.01,True
826,58561.48493060004,258.11769003174413,g,g,4764.327987755102,4764.327987755102,4.836801620568179e-16,0.5930939551021108,4.836801620568179e-18,0.01,17.77153962156054,-1.4827348877552744,0.01,True
827,58561.51846060017,258.1512200318757,g,g,4764.327987755102,4764.327987755102,7.770656469697635e-17,-0.20100661043394474,7.770656469697635e-19,0.01,19.756791035400674,0.502516526084861,0.01,True
828,58561.539178200066,258.17193763177056,g,g,4764.327987755102,4764.327987755102,5.75140035264201e-17,-0.33169072052941395,5.751400352642009e-19,0.01,20.08350131063935,0.8292268013235358,0.01,True
829,58562.33195600007,258.96471543177176,g,g,4830.0,4830.0,2.395261559549787e-16,0.2878886245095025,2.3952615595497872e-18,0.01,18.53455294804206,-0.7197215612737544,0.01,True
830,58568.24070600001,264.8734654317159,g,g,4830.0,4830.0,3.196964970070391e-17,-0.5867264426152641,3.196964970070391e-19,0.01,20.721090615853978,1.4668161065381646,0.01,True
831,58568.2667129999,264.89947243160714,g,g,4830.0,4830.0,3.050160242873854e-17,-0.6071416642498608,3.0501602428738537e-19,0.01,20.772128669940464,1.5178541606246512,0.01,True
832,58568.26761570014,264.90037513184507,g,g,4830.0,4830.0,2.581750958815127e-17,-0.6795499732598049,2.581750958815127e-19,0.01,20.95314944246533,1.6988749331495185,0.01,True
833,58568.404953700025,265.0377131317291,g,g,4830.0,4830.0,2.814030562564726e-17,-0.6421355103409869,2.814030562564726e-19,0.01,20.859613285168287,1.6053387758524735,0.01,True
834,58569.40464119986,266.03740063156147,g,g,4195.842228571429,4195.842228571429,4.792918367935356e-17,-0.4108642880072093,4.792918367935356e-19,0.01,20.281435229333837,1.0271607200180242,0.01,True
835,58572.393622700125,269.02638213182945,g,g,4333.342228571429,4333.342228571429,2.7602590042585984e-17,-0.6505144849727085,2.7602590042585985e-19,0.01,20.88056072174759,1.6262862124317756,0.01,True
836,58572.49584490014,269.1286043318469,g,g,4333.342228571429,4333.342228571429,2.6850304421771845e-17,-0.6625151062603951,2.6850304421771846e-19,0.01,20.9105622749668,1.656287765650987,0.01,True
837,58572.49674770003,269.1295071317363,g,g,4333.342228571429,4333.342228571429,2.6113190978234915e-17,-0.6746043752835522,2.6113190978234915e-19,0.01,20.940785447524693,1.6865109382088797,0.01,True
838,58572.50942130014,269.1421807318475,g,g,4333.342228571429,4333.342228571429,2.4634329929632645e-17,-0.6999235665726768,2.4634329929632647e-19,0.01,21.00408342574751,1.7498089164316966,0.01,True
839,58573.31972219981,269.952481631517,g,g,4366.873551020408,4366.873551020408,3.6013501783002607e-17,-0.534998968070914,3.6013501783002607e-19,0.01,20.5917719294931,1.3374974201772858,0.01,True
840,58573.36285880022,269.995618231922,g,g,4366.873551020408,4366.873551020408,2.6613505543147164e-17,-0.6663622364543453,2.6613505543147166e-19,0.01,20.920180100451677,1.6659055911358642,0.01,True
841,58573.38464119984,270.01740063154284,g,g,4366.873551020408,4366.873551020408,3.0946278889286675e-17,-0.6008558851411383,3.0946278889286674e-19,0.01,20.75641422216866,1.5021397128528484,0.01,True
842,58574.366111100186,270.99887053189013,g,g,4830.0,4830.0,2.3058038131771657e-17,-0.7286419671873805,2.305803813177166e-19,0.01,21.07587942728427,1.8216049179684575,0.01,True
843,58574.382581000216,271.0153404319208,g,g,4830.0,4830.0,2.4914398226018693e-17,-0.6950139184106714,2.4914398226018695e-19,0.01,20.991809305342496,1.737534796026683,0.01,True
844,58574.40427079983,271.037030231535,g,g,4830.0,4830.0,3.003934442065975e-17,-0.6137738698589832,3.003934442065975e-19,0.01,20.788709183963274,1.5344346746474606,0.01,True
845,58575.34689809987,271.9796575315777,g,g,4879.967518367347,4879.967518367347,3.00623559057769e-17,-0.6134413081696852,3.00623559057769e-19,0.01,20.787877779740032,1.5336032704242193,0.01,True
846,58575.34876159998,271.98152103168104,g,g,4879.967518367347,4879.967518367347,3.827335673495125e-17,-0.5085677668875466,3.827335673495125e-19,0.01,20.525693926534682,1.271419417218869,0.01,True
847,58575.48952550022,272.1222849319238,g,g,4879.967518367347,4879.967518367347,4.264707669233965e-17,-0.4615750530828837,4.264707669233965e-19,0.01,20.408212142023025,1.153937632707212,0.01,True
848,58575.50472219987,272.1374816315729,g,g,4879.967518367347,4879.967518367347,6.141141941819875e-17,-0.30321518478170084,6.141141941819875e-19,0.01,20.01231247127007,0.7580379619542583,0.01,True
849,58580.41124999989,277.0440094315927,g,g,4965.483179591837,4965.483179591837,2.1992759178807572e-17,-0.7491846015240835,2.199275917880757e-19,0.01,21.127236013126023,1.8729615038102096,0.01,True
850,58580.42428239994,277.057041831642,g,g,4965.483179591837,4965.483179591837,2.5660379655039495e-17,-0.6822012426039681,2.5660379655039495e-19,0.01,20.959777615825736,1.7055031065099229,0.01,True
851,58580.42518519983,277.0579446315314,g,g,4965.483179591837,4965.483179591837,2.4370342034767946e-17,-0.7046026957444216,2.437034203476795e-19,0.01,21.01578124867687,1.7615067393610566,0.01,True
852,58580.45282409992,277.08558353162516,g,g,4965.483179591837,4965.483179591837,4.097702312299106e-17,-0.47892391542549895,4.0977023122991065e-19,0.01,20.451584297879567,1.1973097885637536,0.01,True
853,58581.323935199995,277.95669463169907,g,g,4764.327987755102,4764.327987755102,2.3125784742169796e-17,-0.727367841385929,2.3125784742169795e-19,0.01,21.07269411278064,1.8184196034648252,0.01,True
854,58582.339849499986,278.97260893169005,g,g,4228.183710204082,4228.183710204082,1.8757320520838723e-17,-0.8182935206404682,1.8757320520838724e-19,0.01,21.300008310916983,2.0457338016011697,0.01,True
855,58582.36512729991,278.99788673161675,g,g,4228.183710204082,4228.183710204082,2.6283165857229837e-17,-0.6717866446083978,2.6283165857229837e-19,0.01,20.933741120836807,1.6794666115209935,0.01,True
856,58582.38702550018,279.01978493188653,g,g,4228.183710204082,4228.183710204082,2.277787810797681e-17,-0.7339510556751367,2.277787810797681e-19,0.01,21.089152148503658,1.8348776391878445,0.01,True
857,58583.36755790003,280.0003173317309,g,g,4366.873551020408,4366.873551020408,3.4349238512330003e-17,-0.5555472066063363,3.4349238512330005e-19,0.01,20.643142525831657,1.3888680165158434,0.01,True
858,58583.38685189979,280.019611331496,g,g,4366.873551020408,4366.873551020408,3.5681431072459984e-17,-0.5390220559724614,3.5681431072459987e-19,0.01,20.60182964924697,1.3475551399311563,0.01,True
859,58583.38824070012,280.02100013182644,g,g,4366.873551020408,4366.873551020408,3.422217392908148e-17,-0.5571567260415282,3.422217392908148e-19,0.01,20.64716632441964,1.3928918151038268,0.01,True
860,58583.41376159992,280.04652103162516,g,g,4366.873551020408,4366.873551020408,3.3355206170789695e-17,-0.5683006908413031,3.3355206170789694e-19,0.01,20.675026236419072,1.4207517271032586,0.01,True
861,58584.28225689987,280.9150163315717,g,g,4366.873551020408,4366.873551020408,3.318921701956746e-17,-0.5704673133316316,3.318921701956746e-19,0.01,20.680442792644897,1.4261682833290834,0.01,True
862,58584.46471060021,281.09747003191296,g,g,4366.873551020408,4366.873551020408,2.4977689448759735e-17,-0.693912058584198,2.4977689448759734e-19,0.01,20.989054655776314,1.7347801464605013,0.01,True
863,58585.280150500126,281.91290993183065,g,g,5393.061485714286,5393.061485714286,2.945782171203575e-17,-0.6222636908858963,2.9457821712035752e-19,0.01,20.809933736530553,1.5556592272147398,0.01,True
864,58586.41165510006,283.04441453176696,g,g,4764.327987755102,4764.327987755102,2.741355779576753e-17,-0.6534989172889762,2.741355779576753e-19,0.01,20.88802180253826,1.633747293222445,0.01,True
865,58586.41255789995,283.0453173316564,g,g,4764.327987755102,4764.327987755102,3.241298270332189e-17,-0.5807453227797854,3.241298270332189e-19,0.01,20.706137816265276,1.4518633069494626,0.01,True
866,58586.43209489994,283.064854331642,g,g,4764.327987755102,4764.327987755102,2.6001233256620176e-17,-0.6764703728924335,2.6001233256620176e-19,0.01,20.9454504415469,1.6911759322310864,0.01,True
867,58586.444618099835,283.07737753153924,g,g,4764.327987755102,4764.327987755102,2.0720555512255225e-17,-0.7750629256998511,2.0720555512255225e-19,0.01,21.191931823565444,1.9376573142496305,0.01,True
868,58587.36133099999,283.99409043169726,g,g,4366.873551020408,4366.873551020408,5.95411753174341e-17,-0.31664691705845804,5.95411753174341e-19,0.01,20.045891801961957,0.7916172926461442,0.01,True
869,58587.445138900075,284.0778983317796,g,g,4366.873551020408,4366.873551020408,2.8581532655762326e-17,-0.6353788065603769,2.858153265576233e-19,0.01,20.84272152571676,1.5884470164009485,0.01,True
870,58587.47634259984,284.10910203154344,g,g,4366.873551020408,4366.873551020408,5.166589350448574e-17,-0.37826037580889427,5.166589350448574e-19,0.01,20.199925448838055,0.9456509395222419,0.01,True
871,58588.30769680021,284.9404562319178,g,g,4830.0,4830.0,4.1515123269584475e-16,0.526742011556669,4.151512326958448e-18,0.01,17.937419480424143,-1.3168550288916698,0.01,True
872,58588.31930560013,284.95206503183726,g,g,4830.0,4830.0,1.087387436909677e-15,0.9449199908477031,1.0873874369096771e-17,0.01,16.891974532196556,-2.3622999771192568,0.01,True
873,58588.46634260006,285.09910203176696,g,g,4830.0,4830.0,2.369925825398213e-17,-0.7167295666892581,2.369925825398213e-19,0.01,21.04609842603896,1.7918239167231462,0.01,True
874,58589.406990699936,286.0397501316402,g,g,4879.967518367347,4879.967518367347,7.032781808304596e-17,-0.24433717658346588,7.032781808304596e-19,0.01,19.865117450774477,0.6108429414586638,0.01,True
875,58589.4581133998,286.0908728315044,g,g,4879.967518367347,4879.967518367347,5.165481671524076e-16,0.6216465046518653,5.165481671524076e-18,0.01,17.70015824768615,-1.5541162616296624,0.01,True
876,58591.20574070001,287.8385001317147,g,g,4764.327987755102,4764.327987755102,9.58355448685046e-17,-0.1099377038860343,9.58355448685046e-19,0.01,19.5291187690309,0.2748442597150884,0.01,True
877,58591.23967589997,287.872435331672,g,g,4764.327987755102,4764.327987755102,9.406187317643731e-17,-0.11805069707469151,9.40618731764373e-19,0.01,19.549401252002546,0.2951267426867332,0.01,True
878,58591.26229170011,287.89505113181804,g,g,4764.327987755102,4764.327987755102,8.728255364431769e-17,-0.15053687622922673,8.728255364431769e-19,0.01,19.630616699888883,0.3763421905730695,0.01,True
879,58592.43255789997,289.06531733167503,g,g,4195.842228571429,4195.842228571429,7.23051917984745e-17,-0.23229483776781912,7.23051917984745e-19,0.01,19.83501160373536,0.5807370944195469,0.01,True
880,58592.44497689977,289.07773633147735,g,g,4195.842228571429,4195.842228571429,7.876004508625329e-17,-0.19515836416343468,7.876004508625329e-19,0.01,19.742170419724403,0.4878959104085894,0.01,True
881,58592.474097200204,289.10685663190816,g,g,4195.842228571429,4195.842228571429,7.182314806004794e-17,-0.23519988359623234,7.182314806004795e-19,0.01,19.842274218306393,0.58799970899058,0.01,True
882,58592.47506939992,289.10782883162756,g,g,4195.842228571429,4195.842228571429,7.153622934378831e-17,-0.2369382753758007,7.153622934378831e-19,0.01,19.846620197755318,0.5923456884395044,0.01,True
883,58593.4791203998,290.1118798315074,g,g,4195.842228571429,4195.842228571429,8.057842980124783e-17,-0.18524552002512884,8.057842980124783e-19,0.01,19.717388309378634,0.4631138000628212,0.01,True
884,58594.23393520014,290.8666946318481,g,g,4859.134820408163,4859.134820408163,6.910191536358747e-17,-0.25197423494709703,6.910191536358748e-19,0.01,19.88421009668356,0.629935587367747,0.01,True
885,58594.26583330007,290.89859273177717,g,g,4859.134820408163,4859.134820408163,7.143106468676636e-17,-0.23757719686876477,7.143106468676636e-19,0.01,19.848217501487724,0.593942992171911,0.01,True
886,58594.28253469989,290.9152941315915,g,g,4859.134820408163,4859.134820408163,7.497097502411597e-17,-0.21657116120523945,7.4970975024115975e-19,0.01,19.79570241232891,0.5414279030130977,0.01,True
887,58596.45320599992,293.08596543162275,g,g,4180.780293877551,4180.780293877551,3.8385401083806854e-17,-0.5072982373915966,3.8385401083806855e-19,0.01,20.522520102794804,1.2682455934789907,0.01,True
888,58596.45410879981,293.0868682315122,g,g,4180.780293877551,4180.780293877551,3.736460448596263e-17,-0.5190039307451269,3.736460448596263e-19,0.01,20.551784336178635,1.2975098268628216,0.01,True
889,58596.46901619993,293.101775631636,g,g,4180.780293877551,4180.780293877551,4.162366010553074e-17,-0.47212405374282973,4.162366010553074e-19,0.01,20.43458464367289,1.1803101343570752,0.01,True
890,58596.489699100144,293.1224585318487,g,g,4180.780293877551,4180.780293877551,5.088415321317307e-17,-0.3848817686244477,5.088415321317307e-19,0.01,20.216478930876935,0.9622044215611218,0.01,True
891,58597.30362269981,293.9363821315128,g,g,4366.873551020408,4366.873551020408,3.1867897329291144e-17,-0.5881109109385196,3.1867897329291143e-19,0.01,20.72455178666212,1.4702772773463053,0.01,True
892,58597.46993059991,294.10269003161375,g,g,4366.873551020408,4366.873551020408,2.9731398097924167e-17,-0.6182489881664797,2.9731398097924167e-19,0.01,20.799896979732015,1.5456224704162018,0.01,True
893,58598.261435199995,294.89419463169907,g,g,4859.134820408163,4859.134820408163,2.125687674131076e-17,-0.7639648659650771,2.1256876741310762e-19,0.01,21.16418667422851,1.909912164912697,0.01,True
894,58598.281932900194,294.91469233189855,g,g,4859.134820408163,4859.134820408163,2.0450201397973366e-17,-0.7807667308521165,2.0450201397973366e-19,0.01,21.206191336446103,1.9519168271302902,0.01,True
895,58598.464236100204,295.09699553190876,g,g,4859.134820408163,4859.134820408163,2.835562076136164e-17,-0.6388251609392217,2.835562076136164e-19,0.01,20.851337411663874,1.5970629023480605,0.01,True
896,58606.42214119993,303.054900631636,g,g,4830.0,4830.0,1.8655089175647155e-17,-0.8206669908317981,1.8655089175647157e-19,0.01,21.305941986395315,2.0516674770795014,0.01,True
897,58606.42356480006,303.05632423176576,g,g,4830.0,4830.0,1.8274175480434946e-17,-0.8296265292699534,1.8274175480434947e-19,0.01,21.3283408324907,2.074066323174886,0.01,True
898,58606.447511599865,303.0802710315693,g,g,4830.0,4830.0,1.7494268913263378e-17,-0.8485685222408303,1.7494268913263377e-19,0.01,21.375695814917894,2.1214213056020803,0.01,True
899,58606.46489580022,303.0976552319262,g,g,4830.0,4830.0,1.9789274696629097e-17,-0.7950344432170393,1.9789274696629097e-19,0.01,21.241860617358416,1.9875861080426027,0.01,True
900,58607.310578700155,303.9433381318595,g,g,4366.873551020408,4366.873551020408,2.1085749574874848e-17,-0.7674752759321724,2.1085749574874848e-19,0.01,21.172962699146247,1.9186881898304335,0.01,True
901,58607.408148100134,304.04090753183846,g,g,4366.873551020408,4366.873551020408,2.2094489802716587e-17,-0.7471803427853825,2.209448980271659e-19,0.01,21.12222536627927,1.867950856963457,0.01,True
902,58608.30179399997,304.93455343167443,g,g,4366.873551020408,4366.873551020408,2.6380480030758974e-17,-0.6701816263471319,2.6380480030758974e-19,0.01,20.929728575183645,1.6754540658678323,0.01,True
903,58608.327372699976,304.96013213168044,g,g,4366.873551020408,4366.873551020408,2.481537229682886e-17,-0.696743525083031,2.481537229682886e-19,0.01,20.996133322023397,1.7418588127075836,0.01,True
904,58612.28180560004,308.91456503174413,g,g,4180.780293877551,4180.780293877551,1.6395526071691443e-17,-0.8767389641118744,1.6395526071691444e-19,0.01,21.446121919595498,2.191847410279685,0.01,True
905,58612.3021296002,308.93488903190155,g,g,4180.780293877551,4180.780293877551,1.7469772850387847e-17,-0.8491770621086037,1.7469772850387847e-19,0.01,21.37721716458733,2.1229426552715154,0.01,True
906,58616.227245400194,312.86000483189855,g,g,4180.780293877551,4180.780293877551,4.1323517277691466e-17,-0.4752670405674646,4.1323517277691467e-19,0.01,20.44244211073448,1.188167601418666,0.01,True
907,58616.257094900124,312.88985433182825,g,g,4180.780293877551,4180.780293877551,3.358117540426353e-17,-0.5653684270505206,3.358117540426353e-19,0.01,20.667695576942116,1.4134210676263024,0.01,True
908,58616.28300930001,312.9157687317129,g,g,4180.780293877551,4180.780293877551,3.250599255291309e-17,-0.5795008887165931,3.250599255291309e-19,0.01,20.7030267311073,1.4487522217914872,0.01,True
909,58616.28575230017,312.9185117318775,g,g,4180.780293877551,4180.780293877551,3.504411737631713e-17,-0.5468491939568505,3.504411737631713e-19,0.01,20.62139749420794,1.3671229848921271,0.01,True
910,58617.389606500044,314.02236593174894,g,g,4366.873551020408,4366.873551020408,3.720603163437446e-17,-0.5208509692528178,3.720603163437446e-19,0.01,20.556401932447862,1.302127423132049,0.01,True
911,58617.4066319,314.03939133170206,g,g,4366.873551020408,4366.873551020408,3.641968031517133e-17,-0.5301281909181892,3.641968031517133e-19,0.01,20.579594986611287,1.3253204772954739,0.01,True
912,58617.42769679986,314.0604562315639,g,g,4366.873551020408,4366.873551020408,2.4187838662207158e-17,-0.7078672571305926,2.418783866220716e-19,0.01,21.0239426521423,1.769668142826486,0.01,True
913,58618.41177080013,315.04453023183305,g,g,4333.342228571429,4333.342228571429,5.297227397374984e-16,0.6325842963232642,5.297227397374984e-18,0.01,17.672813768507652,-1.5814607408081613,0.01,True
914,58618.42478010012,315.05753953182284,g,g,4333.342228571429,4333.342228571429,9.513357678994755e-17,-0.11313049477715786,9.513357678994754e-19,0.01,19.537100746258712,0.2828262369428991,0.01,True
915,58619.2652431,315.8980025317069,g,g,4195.842228571429,4195.842228571429,7.863072115509955e-17,-0.19587206146168334,7.863072115509956e-19,0.01,19.743954662970026,0.4896801536542128,0.01,True
916,58619.28491900023,315.9176784319352,g,g,4195.842228571429,4195.842228571429,1.224281948573312e-16,-0.003582874157203264,1.2242819485733121e-18,0.01,19.26323169470882,0.00895718539300816,0.01,True
917,58619.28630790021,315.9190673319172,g,g,4195.842228571429,4195.842228571429,1.1073920469000829e-16,-0.04716292008325773,1.107392046900083e-18,0.01,19.37218180952396,0.11790730020814522,0.01,True
918,58632.35103010014,328.98378953184147,g,g,4366.873551020408,4366.873551020408,2.6085373321739485e-17,-0.6750672637181712,2.6085373321739484e-19,0.01,20.941942668611244,1.6876681592954306,0.01,True
919,58635.22532409988,331.8580835315879,g,g,4195.842228571429,4195.842228571429,2.012872218742527e-17,-0.7876481143826926,2.012872218742527e-19,0.01,21.22339479527255,1.9691202859567376,0.01,True
920,58637.22795139998,333.86071083168645,g,g,4830.0,4830.0,1.9384180250032206e-17,-0.8040168806667278,1.9384180250032206e-19,0.01,21.264316710982637,2.010042201666824,0.01,True
921,58637.246099499986,333.87885893169005,g,g,4830.0,4830.0,1.8378610263910806e-17,-0.8271516520129385,1.8378610263910805e-19,0.01,21.32215363934816,2.0678791300323454,0.01,True
922,58637.25893520005,333.89169463175494,g,g,4830.0,4830.0,1.943038247669415e-17,-0.8029829707031393,1.943038247669415e-19,0.01,21.261731936073666,2.0074574267578527,0.01,True
923,58638.33101850003,334.9637779317345,g,g,4195.842228571429,4195.842228571429,2.204208991386546e-17,-0.7482115506142843,2.2042089913865462e-19,0.01,21.124803385851525,1.8705288765357118,0.01,True
924,58638.33195600007,334.96471543177176,g,g,4195.842228571429,4195.842228571429,2.1993716822756525e-17,-0.749165691189793,2.1993716822756526e-19,0.01,21.127188737290297,1.8729142279744835,0.01,True
925,58638.33957180008,334.9723312317874,g,g,4195.842228571429,4195.842228571429,2.0758696888215495e-17,-0.7742642327233984,2.0758696888215494e-19,0.01,21.189935091124312,1.9356605818084986,0.01,True
926,58638.3625115999,334.99527103160653,g,g,4195.842228571429,4195.842228571429,2.5097600364358663e-17,-0.6918321206068843,2.509760036435866e-19,0.01,20.983854810833023,1.7295803015172098,0.01,True
927,58639.21468750015,335.8474469318535,g,g,4366.873551020408,4366.873551020408,2.2723012438812385e-17,-0.7349984140290591,2.2723012438812383e-19,0.01,21.091770544388467,1.837496035072654,0.01,True
928,58639.24731480004,335.88007423174713,g,g,4366.873551020408,4366.873551020408,2.008963635304451e-17,-0.7884922446829972,2.0089636353044511e-19,0.01,21.225505121023307,1.9712306117074938,0.01,True
929,58639.26762730023,335.9003867319334,g,g,4366.873551020408,4366.873551020408,2.1665385514777807e-17,-0.7556978989484637,2.1665385514777809e-19,0.01,21.14351925668697,1.8892447473711584,0.01,True
930,58640.32706019981,336.9598196315128,g,g,4366.873551020408,4366.873551020408,1.9827270155954028e-17,-0.7942013961432455,1.9827270155954027e-19,0.01,21.239777999673926,1.9855034903581128,0.01,True
931,58640.34207180003,336.9748312317315,g,g,4366.873551020408,4366.873551020408,2.3948766290348417e-17,-0.7121811743949689,2.394876629034842e-19,0.01,21.03472744530324,1.7804529359874266,0.01,True
932,58640.36292820005,336.99568763175193,g,g,4366.873551020408,4366.873551020408,1.886803307506558e-17,-0.8157376913629921,1.886803307506558e-19,0.01,21.293618737723296,2.039344228407483,0.01,True
933,58641.20607639989,337.8388358315933,g,g,4764.327987755102,4764.327987755102,2.1505252172540278e-17,-0.7589197807453143,2.1505252172540278e-19,0.01,21.1515739611791,1.8972994518632866,0.01,True
934,58641.22224539984,337.85500483154465,g,g,4764.327987755102,4764.327987755102,2.875218184806082e-17,-0.6327935136989762,2.875218184806082e-19,0.01,20.836258293563255,1.5819837842474413,0.01,True
935,58641.225590299815,337.8583497315194,g,g,4764.327987755102,4764.327987755102,2.1771522312790587e-17,-0.7535755233123407,2.177152231279059e-19,0.01,21.138213317596666,1.8839388082808526,0.01,True
936,58641.24185189977,337.87461133147735,g,g,4764.327987755102,4764.327987755102,1.9035197236848207e-17,-0.8119069390425278,1.9035197236848207e-19,0.01,21.284041856922133,2.0297673476063203,0.01,True
937,58642.30641200021,338.93917143191356,g,g,4228.183710204082,4228.183710204082,1.9936738723155124e-17,-0.791810202894867,1.9936738723155124e-19,0.01,21.233800016552983,1.9795255072371702,0.01,True
938,58642.3931828998,339.0259423315074,g,g,4228.183710204082,4228.183710204082,1.8683426599982974e-17,-0.820007790050644,1.8683426599982975e-19,0.01,21.304293984442428,2.0500194751266143,0.01,True
939,58643.20197919989,339.8347386315945,g,g,4366.873551020408,4366.873551020408,3.0837291118286385e-17,-0.6023880995026953,3.0837291118286387e-19,0.01,20.760244758072556,1.5059702487567428,0.01,True
940,58643.32678239979,339.95954183149297,g,g,4366.873551020408,4366.873551020408,2.1547906736982983e-17,-0.7580592330644595,2.1547906736982985e-19,0.01,21.14942259197696,1.895148082661148,0.01,True
941,58643.34584489977,339.97860433147434,g,g,4366.873551020408,4366.873551020408,2.2772573846191074e-17,-0.7340522011758157,2.2772573846191076e-19,0.01,21.089405012255355,1.835130502939542,0.01,True
942,58644.19814810017,340.8309075318757,g,g,4333.342228571429,4333.342228571429,3.3258231909320147e-17,-0.569565162924059,3.325823190932015e-19,0.01,20.678187416625963,1.4239129073101502,0.01,True
943,58644.22607639991,340.85883583161194,g,g,4333.342228571429,4333.342228571429,3.494218257723077e-17,-0.548114291614274,3.494218257723077e-19,0.01,20.6245602383515,1.370285729035686,0.01,True
944,58644.22789350012,340.86065293182764,g,g,4333.342228571429,4333.342228571429,3.4337319046852965e-17,-0.5556979364818719,3.4337319046852965e-19,0.01,20.643519350520492,1.389244841204679,0.01,True
945,58645.215057900175,341.8478173318799,g,g,4180.780293877551,4180.780293877551,3.859345870358917e-17,-0.5049506189294792,3.859345870358917e-19,0.01,20.51665105663951,1.2623765473236972,0.01,True
946,58645.24006940005,341.87282883175794,g,g,4180.780293877551,4180.780293877551,3.8572294869434957e-17,-0.5051888421358601,3.8572294869434957e-19,0.01,20.51724661465547,1.2629721053396565,0.01,True
947,58646.175995400175,342.8087548318799,g,g,4333.342228571429,4333.342228571429,3.2041191949232606e-16,0.41424434345457506,3.2041191949232608e-18,0.01,18.218663650679375,-1.0356108586364385,0.01,True
948,58646.2004976999,342.83325713160593,g,g,4333.342228571429,4333.342228571429,5.792678300392198e-17,-0.32858490985841193,5.792678300392198e-19,0.01,20.075736783961844,0.8214622746460307,0.01,True
949,58646.32376160007,342.9565210317742,g,g,4333.342228571429,4333.342228571429,4.337967542828279e-17,-0.4541780219927194,4.337967542828279e-19,0.01,20.389719564297614,1.1354450549818011,0.01,True
950,58647.227511600126,343.86027103183005,g,g,4195.842228571429,4195.842228571429,3.897320146229865e-17,-0.5006982377670095,3.8973201462298654e-19,0.01,20.50602010373334,1.2517455944175282,0.01,True
951,58647.228414400015,343.8611738317195,g,g,4195.842228571429,4195.842228571429,4.837866185100164e-17,-0.4068104685922176,4.8378661851001645e-19,0.01,20.271300680796358,1.0170261714805449,0.01,True
952,58647.34591440018,343.97867383188714,g,g,4195.842228571429,4195.842228571429,4.7388248063740186e-17,-0.41579366704599785,4.738824806374019e-19,0.01,20.29375867693081,1.0394841676149973,0.01,True
953,58648.32839119993,344.961150631636,g,g,4333.342228571429,4333.342228571429,6.051827941156353e-17,-0.30957774809301775,6.051827941156353e-19,0.01,20.028218879548362,0.7739443702325488,0.01,True
954,58648.344479199965,344.977238631669,g,g,4333.342228571429,4333.342228571429,5.4576703377594765e-17,-0.3544570210105231,5.457670337759476e-19,0.01,20.140417061842122,0.8861425525263087,0.01,True
955,58648.36598380003,344.9987432317357,g,g,4333.342228571429,4333.342228571429,5.555032292936431e-17,-0.3467777322838703,5.555032292936431e-19,0.01,20.121218840025488,0.8669443307096749,0.01,True
956,58649.18783560023,345.8205950319316,g,g,4180.780293877551,4180.780293877551,6.875664406680218e-17,-0.254149649126715,6.875664406680219e-19,0.01,19.889648632132598,0.6353741228167848,0.01,True
957,58649.20047450019,345.83323393189494,g,g,4180.780293877551,4180.780293877551,5.940832864098245e-17,-0.3176169858790896,5.940832864098245e-19,0.01,20.04831697401354,0.7940424646977284,0.01,True
958,58649.3486227002,345.98138213190396,g,g,4180.780293877551,4180.780293877551,5.4204903439127115e-17,-0.35742574513826675,5.420490343912712e-19,0.01,20.147838872161483,0.8935643628456695,0.01,True
959,58650.20520830015,346.8379677318517,g,g,4333.342228571429,4333.342228571429,5.897297518677084e-17,-0.3208112817534303,5.897297518677084e-19,0.01,20.05630271369939,0.8020282043835785,0.01,True
960,58650.22320599994,346.8559654316414,g,g,4333.342228571429,4333.342228571429,6.119547337475976e-17,-0.30474502164315886,6.119547337475976e-19,0.01,20.01613706342371,0.7618625541078963,0.01,True
961,58651.18457179982,347.8173312315266,g,g,4366.873551020408,4366.873551020408,7.476853951483788e-17,-0.21774542276809505,7.476853951483788e-19,0.01,19.798638066236055,0.5443635569202421,0.01,True
962,58651.203298599925,347.83605803162936,g,g,4366.873551020408,4366.873551020408,6.976793304478809e-17,-0.24780846354532393,6.976793304478809e-19,0.01,19.87379566817912,0.6195211588633072,0.01,True
963,58651.224120399915,347.85687983161915,g,g,4366.873551020408,4366.873551020408,6.445731801643996e-17,-0.2821920891072818,6.445731801643996e-19,0.01,19.959754732084015,0.7054802227682018,0.01,True
964,58652.18291669991,348.81567613161315,g,g,4195.842228571429,4195.842228571429,4.852833576367685e-17,-0.40546892241602883,4.852833576367685e-19,0.01,20.267946815355884,1.0136723060400712,0.01,True
965,58652.19945599977,348.83221543147374,g,g,4195.842228571429,4195.842228571429,4.837253477248428e-17,-0.406865474762407,4.837253477248428e-19,0.01,20.271438196221833,1.01716368690602,0.01,True
966,58652.22394679999,348.85670623169426,g,g,4195.842228571429,4195.842228571429,5.5190370090223055e-17,-0.34960101391704335,5.519037009022306e-19,0.01,20.128277044108422,0.8740025347926093,0.01,True
967,58653.26479170006,349.89755113176216,g,g,4180.780293877551,4180.780293877551,4.629631019775032e-17,-0.4259179409865599,4.629631019775032e-19,0.01,20.319069361782212,1.0647948524663988,0.01,True
968,58653.285370400175,349.9181298318799,g,g,4180.780293877551,4180.780293877551,5.397363035975272e-17,-0.3592826897959771,5.397363035975272e-19,0.01,20.152481233805755,0.8982067244899419,0.01,True
969,58653.30484949984,349.93760893154104,g,g,4180.780293877551,4180.780293877551,5.45299937717184e-17,-0.3548288721590449,5.45299937717184e-19,0.01,20.14134668971343,0.8870721803976167,0.01,True
970,58653.30581020005,349.93856963175494,g,g,4180.780293877551,4180.780293877551,5.0160826046054234e-17,-0.3910996404197764,5.016082604605423e-19,0.01,20.23202361036526,0.9777491010494472,0.01,True
971,58654.26962959999,350.90238903169666,g,g,4228.183710204082,4228.183710204082,4.976621714461953e-17,-0.39452969005949434,4.976621714461954e-19,0.01,20.240598734464548,0.986324225148735,0.01,True
972,58654.28305559978,350.91581503148336,g,g,4228.183710204082,4228.183710204082,4.440073795516254e-17,-0.4440741319472128,4.440073795516254e-19,0.01,20.364459839183844,1.110185329868031,0.01,True
973,58654.30329860002,350.9360580317225,g,g,4228.183710204082,4228.183710204082,5.001709510452726e-17,-0.392345855092616,5.001709510452726e-19,0.01,20.235139147047352,0.9808646377315391,0.01,True
974,58662.21877310006,358.85153253176395,g,g,4228.183710204082,4228.183710204082,2.0348032771596798e-17,-0.7829418918274147,2.0348032771596798e-19,0.01,21.211629238884356,1.957354729568543,0.01,True
975,58663.22437500022,359.857134431928,g,g,4195.842228571429,4195.842228571429,1.9356037005036744e-17,-0.8046478765165457,1.9356037005036745e-19,0.01,21.265894200607182,2.0116196912913686,0.01,True
976,58665.225868099835,361.85862753153924,g,g,4366.873551020408,4366.873551020408,2.3570920102527553e-17,-0.7190877844866481,2.357092010252755e-19,0.01,21.051993970532433,1.7977194612166194,0.01,True
977,58668.198657399975,364.83141683167923,g,g,4195.842228571429,4195.842228571429,1.9465833270949452e-17,-0.8021913210122218,1.9465833270949453e-19,0.01,21.25975281184637,2.0054783025305554,0.01,True
978,58669.20775459986,365.8405140315663,g,g,4764.327987755102,4764.327987755102,2.3268233433910305e-17,-0.724700908120882,2.3268233433910306e-19,0.01,21.06602677961802,1.8117522703022075,0.01,True
979,58670.287465299945,366.9202247316498,g,g,4366.873551020408,4366.873551020408,2.1416012539147474e-17,-0.760725707781992,2.1416012539147475e-19,0.01,21.156088778770794,1.9018142694549809,0.01,True
980,58672.30498840008,368.9377478317838,g,g,4333.342228571429,4333.342228571429,2.380177534917009e-17,-0.7148549684125225,2.380177534917009e-19,0.01,21.041411930347124,1.7871374210313107,0.01,True
981,58673.303321800195,369.93608123189915,g,g,4830.0,4830.0,2.2504127121649348e-17,-0.7392021478285944,2.250412712164935e-19,0.01,21.102279878887302,1.8480053695714886,0.01,True
982,58673.32214119984,369.95490063154284,g,g,4830.0,4830.0,2.1521723567633266e-17,-0.7585872713730186,2.1521723567633267e-19,0.01,21.15074268774836,1.8964681784325457,0.01,True
983,58674.19652780006,370.82928723176155,g,g,4366.873551020408,4366.873551020408,3.091195553318579e-17,-0.6013378402381111,3.0911955533185793e-19,0.01,20.757619109911097,1.503344600595284,0.01,True
984,58674.32983799977,370.96259743147675,g,g,4366.873551020408,4366.873551020408,2.895290761193528e-17,-0.6297721357220585,2.895290761193528e-19,0.01,20.82870484862096,1.5744303393051453,0.01,True
985,58675.30583330011,371.9385927318144,g,g,4333.342228571429,4333.342228571429,3.563066094823969e-17,-0.5396404416597971,3.5630660948239694e-19,0.01,20.603375613465307,1.3491011041494936,0.01,True
986,58678.274814799894,374.9075742315981,g,g,4228.183710204082,4228.183710204082,4.905758673866105e-17,-0.4007581398419209,4.905758673866105e-19,0.01,20.256169858920615,1.0018953496048013,0.01,True
987,58681.17503469996,377.807794131666,g,g,4195.842228571429,4195.842228571429,5.5299178249683404e-17,-0.34874564254073626,5.52991782496834e-19,0.01,20.126138615667653,0.8718641063518398,0.01,True
988,58684.198310200125,380.83106963182945,g,g,4333.342228571429,4333.342228571429,2.0862064599624047e-17,-0.7721070343749599,2.0862064599624047e-19,0.01,21.184542095253214,1.9302675859374006,0.01,True
989,58688.2059491002,384.83870853190456,g,g,4228.183710204082,4228.183710204082,2.221000746472263e-17,-0.7449156157281411,2.221000746472263e-19,0.01,21.116563548636165,1.862289039320352,0.01,True
990,58691.21440970013,387.84716913183365,g,g,4764.327987755102,4764.327987755102,2.033486597854874e-17,-0.7832230058060379,2.033486597854874e-19,0.01,21.21233202383091,1.9580575145150974,0.01,True
991,58694.21848380007,390.85124323177297,g,g,4333.342228571429,4333.342228571429,2.1397946436206025e-17,-0.7610922241925469,2.1397946436206027e-19,0.01,21.15700506979718,1.9027305604813662,0.01,True
992,58697.19901619991,393.83177563161735,g,g,4366.873551020408,4366.873551020408,2.0668347910632303e-17,-0.7761585568206808,2.0668347910632303e-19,0.01,21.19467090136752,1.9403963920517064,0.01,True
993,58700.25935189985,396.89211133155186,g,g,4195.842228571429,4195.842228571429,2.730259987370023e-17,-0.6552603158003176,2.7302599873700233e-19,0.01,20.892425298816608,1.638150789500795,0.01,True
994,58707.2654281999,403.8981876316029,g,g,4366.873551020408,4366.873551020408,7.816549241369564e-17,-0.19844925211613607,7.816549241369565e-19,0.01,19.750397639606152,0.4961231302903393,0.01,True
995,58710.20451389998,406.83727333168645,g,g,4180.780293877551,4180.780293877551,6.82274662046519e-17,-0.2575050772598946,6.82274662046519e-19,0.01,19.898037202465552,0.6437626931497391,0.01,True
996,58711.15997690009,407.792736331794,g,g,4195.842228571429,4195.842228571429,4.8915948215475657e-17,-0.4020138436792262,4.891594821547565e-19,0.01,20.259309118513883,1.00503460919807,0.01,True
997,58711.20388890011,407.83664833181683,g,g,4195.842228571429,4195.842228571429,7.111400323059345e-17,-0.23950919311301,7.111400323059345e-19,0.01,19.85304749209834,0.5987729827825277,0.01,True
998,58711.22839119984,407.86115063154284,g,g,4195.842228571429,4195.842228571429,6.550539487358162e-17,-0.2751872512829596,6.550539487358162e-19,0.01,19.94224263752321,0.6879681282073982,0.01,True
999,58713.21267359983,409.84543303153623,g,g,4830.0,4830.0,2.5539305700754834e-16,0.3157447663257624,2.5539305700754834e-18,0.01,18.46491259350141,-0.7893619158144034,0.01,True
1000,58714.20446760021,410.837227031916,g,g,4333.342228571429,4333.342228571429,3.291718228691758e-17,-0.5740416677482774,3.291718228691758e-19,0.01,20.689378678686513,1.4351041693706996,0.01,True
1001,58715.28971059993,411.92247003163357,g,g,4195.842228571429,4195.842228571429,5.678261893865904e-17,-0.3372489009780484,5.678261893865904e-19,0.01,20.097396761760933,0.8431222524451201,0.01,True
1002,58716.31011570012,412.94287513182644,g,g,3702.391118367347,3702.391118367347,6.830569476959247e-17,-0.2570074071326349,6.830569476959247e-19,0.01,19.8967930271474,0.6425185178315864,0.01,True
1003,58717.29004629981,413.9228057315122,g,g,4195.842228571429,4195.842228571429,5.017179943271217e-17,-0.3910046427802829,5.017179943271217e-19,0.01,20.231786116266523,0.9775116069507099,0.01,True
1004,58719.290636599995,415.92339603169967,g,g,4180.780293877551,4180.780293877551,5.294044526830765e-17,-0.36767673052326977,5.294044526830765e-19,0.01,20.17346633562399,0.9191918263081753,0.01,True
1005,58722.289537000004,418.9222964317087,g,g,4366.873551020408,4366.873551020408,4.314486440694751e-17,-0.45653521178874534,4.314486440694751e-19,0.01,20.395612538787677,1.1413380294718642,0.01,True
1006,58725.17598380009,421.8087432317916,g,g,4764.327987755102,4764.327987755102,3.0209372177756875e-17,-0.6113226205418325,3.0209372177756876e-19,0.01,20.782581060670395,1.5283065513545822,0.01,True
1007,58725.206747699995,421.83950713169907,g,g,4764.327987755102,4764.327987755102,3.1552815982163734e-17,-0.5924261956176,3.1552815982163732e-19,0.01,20.735339998359812,1.4810654890439992,0.01,True
1008,58728.16643519979,424.7991946314942,g,g,4830.0,4830.0,2.9017323215054077e-17,-0.6288069730136154,2.9017323215054075e-19,0.01,20.826291941849856,1.572017432534043,0.01,True
1009,58732.13442130014,428.7671807318475,g,g,4333.342228571429,4333.342228571429,3.9555848507458284e-17,-0.4942536152972803,3.9555848507458284e-19,0.01,20.48990854755902,1.2356340382432052,0.01,True
1010,58732.16001159977,428.79277103147615,g,g,4333.342228571429,4333.342228571429,3.5299383426068255e-17,-0.543697200604564,3.529938342606826e-19,0.01,20.613517510827222,1.359243001511409,0.01,True
1011,58732.17462959979,428.80738903149177,g,g,4333.342228571429,4333.342228571429,3.685856704563332e-17,-0.5249258731425765,3.6858567045633323e-19,0.01,20.56658919217226,1.3123146828564458,0.01,True
1012,58733.15802079998,429.79078023168404,g,g,4180.780293877551,4180.780293877551,3.639910245850034e-17,-0.5303736454423937,3.639910245850034e-19,0.01,20.580208622921802,1.3259341136059888,0.01,True
1013,58733.17998840008,429.8127478317838,g,g,4180.780293877551,4180.780293877551,4.6799883248452905e-17,-0.4212195505996643,4.679988324845291e-19,0.01,20.307323385814975,1.0530488764991617,0.01,True
1014,58733.20093750022,429.833696931928,g,g,4180.780293877551,4180.780293877551,4.9683390032617926e-17,-0.39525309897044814,4.968339003261793e-19,0.01,20.242407256741934,0.9881327474261212,0.01,True
1015,58734.15695599979,430.78971543149237,g,g,4195.842228571429,4195.842228571429,3.7393333359754855e-17,-0.5186701389811237,3.7393333359754854e-19,0.01,20.55094985676862,1.2966753474528083,0.01,True
1016,58734.2053704001,430.8381298318054,g,g,4195.842228571429,4195.842228571429,5.982608409432815e-17,-0.3145737431373963,5.982608409432816e-19,0.01,20.040708867159307,0.7864343578434934,0.01,True
1017,58734.21884260001,430.8516020317111,g,g,4195.842228571429,4195.842228571429,7.762378095259274e-17,-0.20146952740783952,7.762378095259274e-19,0.01,19.75794832783541,0.5036738185195979,0.01,True
1018,58738.13738430012,434.77014373182465,g,g,4830.0,4830.0,6.814880859964962e-17,-0.2580060524866976,6.814880859964963e-19,0.01,19.899289640532555,0.6450151312167414,0.01,True
1019,58742.14112270018,438.77388213188533,g,g,4830.0,4830.0,3.5600621785534933e-16,0.4599932630026391,3.560062178553494e-18,0.01,18.104291351809216,-1.1499831575065969,0.01,True
1020,58745.13744209986,441.7702015315663,g,g,4830.0,4830.0,3.2773500756754666e-17,-0.5759414864841563,3.2773500756754666e-19,0.01,20.694128225526207,1.4398537162103935,0.01,True
1021,58758.13534720009,454.7681066317964,g,g,4830.0,4830.0,3.544420855566056e-17,-0.5419190369369549,3.5444208555660563e-19,0.01,20.6090721016582,1.3547975923423863,0.01,True
1022,58771.11290509999,467.74566453169246,g,g,4195.842228571429,4195.842228571429,8.047263623779383e-17,-0.18581609144160716,8.047263623779383e-19,0.01,19.718814737919832,0.4645402286040188,0.01,True
1023,58775.11806710018,471.7508265318829,g,g,4366.873551020408,4366.873551020408,4.1116795674978283e-17,-0.47744505848855034,4.1116795674978283e-19,0.01,20.447887155537188,1.193612646221375,0.01,True
1024,58778.118981500156,474.7517409318607,g,g,4830.0,4830.0,4.977217977375817e-17,-0.3944776591444725,4.977217977375817e-19,0.01,20.240468657176997,0.986194147861184,0.01,True
1025,58781.11490740022,477.7476668319214,g,g,4195.842228571429,4195.842228571429,7.494950626815972e-17,-0.21669554397440471,7.494950626815972e-19,0.01,19.796013369251824,0.5417388599360109,0.01,True
1026,58831.571631900035,528.2043913317393,g,g,4830.0,4830.0,1.0269351651572986e-16,-0.07992129466134301,1.0269351651572986e-18,0.01,19.454077745969172,0.1998032366533593,0.01,True
1027,58850.5556481001,547.1884075318012,g,g,4366.873551020408,4366.873551020408,3.6322881149021666e-17,-0.531284030571884,3.6322881149021665e-19,0.01,20.582484585745526,1.3282100764297127,0.01,True
1028,58853.5341897998,550.166949231505,g,g,4830.0,4830.0,2.891041257487968e-17,-0.6304100307947866,2.891041257487968e-19,0.01,20.830299586302786,1.5760250769869728,0.01,True
1029,58856.435000000056,553.0677594317604,g,g,4366.873551020408,4366.873551020408,3.631028247416221e-17,-0.531434692741966,3.631028247416221e-19,0.01,20.58286124117073,1.3285867318549158,0.01,True
1030,58856.550416700076,553.1831761317808,g,g,4366.873551020408,4366.873551020408,3.0147517371970954e-17,-0.6122127661552579,3.0147517371970954e-19,0.01,20.784806424703962,1.5305319153881491,0.01,True
1031,58861.51429399988,558.1470534315813,g,g,4195.842228571429,4195.842228571429,7.43926026353951e-17,-0.2199345674157076,7.439260263539511e-19,0.01,19.804110927855085,0.5498364185392717,0.01,True
1032,58864.4685531999,561.1013126316029,g,g,4195.842228571429,4195.842228571429,3.679134434122563e-17,-0.5257186631715189,3.679134434122563e-19,0.01,20.568571167244613,1.3142966579288,0.01,True
1033,58871.47142359987,568.1041830315735,g,g,4195.842228571429,4195.842228571429,3.9953421305034155e-17,-0.48991034534583555,3.9953421305034156e-19,0.01,20.4790503726804,1.224775863364588,0.01,True
1034,58872.43285880005,569.0656182317543,g,g,4195.842228571429,4195.842228571429,2.535687183334115e-17,-0.687368644743243,2.535687183334115e-19,0.01,20.972696121173925,1.718421611858112,0.01,True
1035,58875.48982639983,572.1225858315374,g,g,4366.873551020408,4366.873551020408,3.238011690359186e-17,-0.5811859078660628,3.2380116903591863e-19,0.01,20.70723927898097,1.452964769665158,0.01,True
1036,58878.52916669985,575.1619261315573,g,g,4753.976302040816,4753.976302040816,3.6939033162604307e-17,-0.5239787961554914,3.693903316260431e-19,0.01,20.564221499704544,1.309946990388731,0.01,True
1037,58881.51469910005,578.1474585317555,g,g,4366.873551020408,4366.873551020408,2.231633966376152e-17,-0.7428413573146262,2.231633966376152e-19,0.01,21.111377902602385,1.8571033932865717,0.01,True
1038,58884.42356480006,581.0563242317658,g,g,4195.842228571429,4195.842228571429,6.181757570945178e-17,-0.30035235084181444,6.181757570945178e-19,0.01,20.00515538642035,0.7508808771045352,0.01,True
1039,58887.45593750011,584.0886969318162,g,g,4195.842228571429,4195.842228571429,5.720898206600326e-17,-0.3340000999197965,5.720898206600327e-19,0.01,20.08927475911531,0.8350002497994957,0.01,True
1040,58890.555659700185,587.1884191318895,g,g,4195.842228571429,4195.842228571429,9.448977004037219e-17,-0.11607952819297473,9.44897700403722e-19,0.01,19.54447332979825,0.2901988204824377,0.01,True
1041,58893.490393499844,590.1231529315482,g,g,4195.842228571429,4195.842228571429,3.4665036691224576e-17,-0.5515726560275898,3.4665036691224576e-19,0.01,20.633206149384787,1.3789316400689735,0.01,True
1042,58898.54827550007,595.1810349317748,g,g,4195.842228571429,4195.842228571429,1.7458567172355735e-17,-0.8494557220334169,1.7458567172355735e-19,0.01,21.37791381439936,2.1236393050835467,0.01,True
1043,58899.53526620008,596.168025631785,g,g,4366.873551020408,4366.873551020408,2.3989915601786192e-17,-0.7114356001498994,2.3989915601786193e-19,0.01,21.032863509690564,1.778589000374751,0.01,True
1044,58900.534872699995,597.1676321316991,g,g,4366.873551020408,4366.873551020408,8.275223966758393e-17,-0.17368456356916973,8.275223966758393e-19,0.01,19.68848591823874,0.434211408922927,0.01,True
1045,58903.53723380016,600.1699932318661,g,g,4195.842228571429,4195.842228571429,2.006266367782516e-17,-0.7890757273608475,2.006266367782516e-19,0.01,21.226963827717938,1.972689318402125,0.01,True
1046,58905.53300930001,602.1657687317129,g,g,4830.0,4830.0,5.5128265914323094e-17,-0.3500899884860278,5.512826591432309e-19,0.01,20.129499480530885,0.8752249712150721,0.01,True
1047,58906.53125,603.1640094317045,g,g,4366.873551020408,4366.873551020408,4.148427467387458e-17,-0.47358081911054306,4.1484274673874577e-19,0.01,20.438226557092175,1.183952047776362,0.01,True
1048,58908.537118100096,605.1698775318,g,g,4366.873551020408,4366.873551020408,2.1429756634678827e-17,-0.760447081202619,2.1429756634678826e-19,0.01,21.15539221232236,1.9011177030065483,0.01,True
1049,58911.527627300005,608.1603867317099,g,g,4366.873551020408,4366.873551020408,3.890079626412121e-17,-0.5015058292098242,3.8900796264121207e-19,0.01,20.508039082340378,1.253764573024565,0.01,True
1050,58912.53730319999,609.170062631696,g,g,4195.842228571429,4195.842228571429,2.2902840137074006e-17,-0.7315749785405092,2.2902840137074007e-19,0.01,21.083211955667085,1.8289374463512722,0.01,True
1051,58913.516875000205,610.1496344319094,g,g,4195.842228571429,4195.842228571429,2.421460731325005e-17,-0.7073868897282072,2.421460731325005e-19,0.01,21.022741733636334,1.7684672243205206,0.01,True
1052,58914.49724540021,611.1300048319172,g,g,4228.183710204082,4228.183710204082,2.7046149657339583e-17,-0.6593588734089497,2.7046149657339584e-19,0.01,20.902671692838194,1.6483971835223805,0.01,True
1053,58915.49159719981,612.124356631517,g,g,4195.842228571429,4195.842228571429,1.504640069781738e-16,0.08596830300857938,1.504640069781738e-18,0.01,19.039353751794366,-0.21492075752144757,0.01,True
1054,58936.47487269994,633.1076321316432,g,g,4366.873551020408,4366.873551020408,2.1974490076366208e-17,-0.7495455142930485,2.1974490076366207e-19,0.01,21.128138295048434,1.8738637857326204,0.01,True
1055,58939.44903940009,636.081798831794,g,g,4195.842228571429,4195.842228571429,6.914028120028723e-17,-0.2517331787137014,6.914028120028723e-19,0.01,19.88360745610007,0.6293329467842561,0.01,True
1056,58940.472395800054,637.1051552317585,g,g,5393.061485714286,5393.061485714286,2.8715838927409904e-17,-0.6333428116140976,2.8715838927409907e-19,0.01,20.837631538351058,1.5833570290352448,0.01,True
1057,58941.497789400164,638.1305488318685,g,g,4366.873551020408,4366.873551020408,2.7234063493584383e-17,-0.6563518745985792,2.7234063493584383e-19,0.01,20.895154195812264,1.6408796864964508,0.01,True
1058,58943.427743100096,640.0605025318,g,g,4195.842228571429,4195.842228571429,5.092537378665008e-17,-0.3845300948841288,5.092537378665009e-19,0.01,20.215599746526134,0.9613252372103211,0.01,True
1059,58944.496932900045,641.1296923317495,g,g,4830.0,4830.0,3.9976862266191565e-17,-0.48965561635156085,3.9976862266191564e-19,0.01,20.47841355019472,1.2241390408789066,0.01,True
1060,58954.39469909994,651.0274585316438,g,g,4366.873551020408,4366.873551020408,3.050465085008903e-17,-0.607098261729595,3.0504650850089034e-19,0.01,20.7720201636398,1.5177456543239884,0.01,True
1061,58955.41069439985,652.043453831553,g,g,4195.842228571429,4195.842228571429,2.5982603220654455e-17,-0.6767816589656537,2.5982603220654456e-19,0.01,20.94622865672995,1.6919541474141369,0.01,True
1062,58956.38251159992,653.0152710316252,g,g,4195.842228571429,4195.842228571429,5.930781449163626e-17,-0.31835239977804797,5.930781449163626e-19,0.01,20.050155508760938,0.7958809994451244,0.01,True
1063,58962.36305559985,658.9958150315579,g,g,4180.780293877551,4180.780293877551,2.7573801823070522e-17,-0.6509676703148859,2.757380182307052e-19,0.01,20.881693685103034,1.627419175787221,0.01,True
1064,58963.36427079979,659.9970302314978,g,g,4830.0,4830.0,1.9957920473798676e-17,-0.7913490324790207,1.9957920473798677e-19,0.01,21.23264709051337,1.9783725811975579,0.01,True
1065,58963.43222220009,660.0649816317964,g,g,4830.0,4830.0,2.587207888685527e-17,-0.6786329934651452,2.587207888685527e-19,0.01,20.950856992978682,1.6965824836628691,0.01,True
1066,58964.36712960014,660.9998890318457,g,g,5393.061485714286,5393.061485714286,2.024159059242925e-17,-0.7852196836959404,2.024159059242925e-19,0.01,21.21732371855567,1.9630492092398555,0.01,True
1067,58965.41072920011,662.043488631818,g,g,4195.842228571429,4195.842228571429,1.9587028001493814e-17,-0.7994957760525541,1.9587028001493815e-19,0.01,21.2530139494472,1.9987394401313878,0.01,True
1068,58966.40855319984,663.041312631547,g,g,4830.0,4830.0,2.1449798999276513e-17,-0.7600410933674251,2.1449798999276512e-19,0.01,21.154377242734377,1.9001027334185636,0.01,True
1069,58967.282326399814,663.9150858315188,g,g,4366.873551020408,4366.873551020408,2.2644678386194692e-17,-0.7364981632993679,2.264467838619469e-19,0.01,21.095519917564236,1.8412454082484224,0.01,True
1070,58968.452407400124,665.0851668318282,g,g,5393.061485714286,5393.061485714286,1.948079729770884e-17,-0.8018575928065435,1.948079729770884e-19,0.01,21.25891849133217,2.0046439820163577,0.01,True
1071,58970.30020829989,666.9329677315909,g,g,4180.780293877551,4180.780293877551,3.0042850916862347e-17,-0.6137231775717016,3.0042850916862346e-19,0.01,20.788582453245066,1.534307943929253,0.01,True
1072,58970.30841440009,666.941173831794,g,g,4180.780293877551,4180.780293877551,2.818131550392539e-17,-0.6415030581270731,2.818131550392539e-19,0.01,20.8580321546335,1.6037576453176854,0.01,True
1073,58971.424872700125,668.0576321318295,g,g,4195.842228571429,4195.842228571429,1.99107835754312e-17,-0.7923759685122729,1.99107835754312e-19,0.01,21.235214430596496,1.980939921280683,0.01,True
1074,58971.42581020016,668.0585696318667,g,g,4195.842228571429,4195.842228571429,2.267946424020359e-17,-0.7358315292921827,2.2679464240203593e-19,0.01,21.093853332546274,1.839578823230461,0.01,True
1075,58972.455347199924,669.0881066316288,g,g,4228.183710204082,4228.183710204082,2.0022766886091148e-17,-0.789940229099928,2.0022766886091147e-19,0.01,21.229125082065636,1.9748505727498227,0.01,True
1076,58972.45628469996,669.089044131666,g,g,4228.183710204082,4228.183710204082,2.0052940407087373e-17,-0.7892862570540427,2.0052940407087373e-19,0.01,21.227490151950924,1.973215642635111,0.01,True
1077,58973.467997699976,670.1007571316804,g,g,4366.873551020408,4366.873551020408,3.2434954910131535e-17,-0.5804510217152004,3.2434954910131535e-19,0.01,20.70540206360382,1.451127554288007,0.01,True
1078,58973.46893520001,670.1016946317177,g,g,4366.873551020408,4366.873551020408,2.7633780406971436e-17,-0.6500240181128998,2.7633780406971435e-19,0.01,20.879334554598064,1.6250600452822503,0.01,True
1079,58974.46557869995,671.0983381316546,g,g,4180.780293877551,4180.780293877551,4.9891845934289375e-17,-0.39343474766674014,4.989184593428938e-19,0.01,20.23786137848267,0.9835868691668566,0.01,True
1080,58974.46895830007,671.1017177317772,g,g,4180.780293877551,4180.780293877551,4.54934368565859e-17,-0.4335155728717819,4.54934368565859e-19,0.01,20.338063441495272,1.0837889321794592,0.01,True
1081,58975.25425929995,671.887018731657,g,g,4195.842228571429,4195.842228571429,7.846101134324308e-17,-0.1968104184625954,7.846101134324308e-19,0.01,19.7463005554723,0.4920260461564858,0.01,True
1082,58975.25818290003,671.8909423317309,g,g,4195.842228571429,4195.842228571429,6.422016790764634e-17,-0.28379288351976406,6.422016790764634e-19,0.01,19.963756718115228,0.7094822087994146,0.01,True
1083,58976.47394679999,673.1067062316943,g,g,4333.342228571429,4333.342228571429,8.145522044748192e-17,-0.18054539686580107,8.145522044748192e-19,0.01,19.705638001480313,0.4513634921645,0.01,True
1084,58976.47488430003,673.1076437317315,g,g,4333.342228571429,4333.342228571429,6.975568876866027e-17,-0.24788468894001703,6.975568876866027e-19,0.01,19.873986231665853,0.6197117223500399,0.01,True
1085,58977.35831019981,673.9910696315128,g,g,4366.873551020408,4366.873551020408,1.4243173887208316e-16,0.062142456145446445,1.4243173887208316e-18,0.01,19.098918368952198,-0.15535614036361522,0.01,True
1086,58977.35923610022,673.9919955319274,g,g,4366.873551020408,4366.873551020408,1.0929301664420449e-16,-0.05287190696346222,1.0929301664420449e-18,0.01,19.38645427672447,0.13217976740865822,0.01,True
1087,58978.38627310004,675.0190325317453,g,g,4180.780293877551,4180.780293877551,7.712693940888745e-17,-0.2042582224356888,7.712693940888745e-19,0.01,19.764920065405036,0.5106455560892229,0.01,True
1088,58978.38721060008,675.0199700317826,g,g,4180.780293877551,4180.780293877551,7.789979585564125e-17,-0.19992800068074423,7.789979585564125e-19,0.01,19.754094511017676,0.49982000170186325,0.01,True
1089,58979.241157399956,675.8739168316606,g,g,4366.873551020408,4366.873551020408,3.5936783462107855e-17,-0.5359251174513862,3.5936783462107857e-19,0.01,20.59408730294428,1.339812793628468,0.01,True
1090,58979.242083299905,675.8748427316095,g,g,4366.873551020408,4366.873551020408,3.0039725785781935e-17,-0.6137683562993512,3.0039725785781935e-19,0.01,20.788695400064192,1.534420890748379,0.01,True
1091,58980.40711810021,677.0398775319118,g,g,4830.0,4830.0,4.3325244655085175e-17,-0.4547232964137802,4.332524465508518e-19,0.01,20.391082750350268,1.1368082410344549,0.01,True
1092,58980.40853009978,677.0412895314876,g,g,4830.0,4830.0,4.7521623096998886e-17,-0.41457305472423833,4.752162309699889e-19,0.01,20.290707146126415,1.036432636810602,0.01,True
1093,58981.30697919987,677.9397386315759,g,g,4879.967518367347,4879.967518367347,2.9997107728857125e-17,-0.6143849374538615,2.9997107728857125e-19,0.01,20.790236852950468,1.5359623436346546,0.01,True
1094,58981.30886569992,677.9416251316215,g,g,4879.967518367347,4879.967518367347,3.3770764089384604e-17,-0.5629234332501998,3.3770764089384604e-19,0.01,20.66158309244131,1.4073085831254986,0.01,True
1095,58985.302488400135,681.9352478318397,g,g,4764.327987755102,4764.327987755102,2.0730131237828195e-17,-0.774862268717948,2.0730131237828196e-19,0.01,21.19143018111069,1.9371556717948764,0.01,True
1096,58985.3034144002,681.9361738319058,g,g,4764.327987755102,4764.327987755102,2.0649155658997678e-17,-0.7765620221251925,2.0649155658997678e-19,0.01,21.195679564628797,1.941405055312984,0.01,True
1097,58986.38592590019,683.0186853318955,g,g,4228.183710204082,4228.183710204082,1.945760308671465e-17,-0.8023749802153102,1.9457603086714651e-19,0.01,21.260211959854093,2.00593745053828,0.01,True
1098,58987.24393519992,683.8766946316246,g,g,4830.0,4830.0,1.7674734231964564e-17,-0.8441114280393105,1.7674734231964564e-19,0.01,21.36455307941409,2.110278570098277,0.01,True
1099,58991.3316434999,687.9644029316041,g,g,4366.873551020408,4366.873551020408,1.9256590928970563e-17,-0.8068849155312829,1.9256590928970563e-19,0.01,21.27148679814402,2.0172122888282082,0.01,True
1100,58993.25726850005,689.8900279317531,g,g,4195.842228571429,4195.842228571429,2.4575623846559674e-17,-0.7009597691321741,2.4575623846559676e-19,0.01,21.00667393214625,1.752399422830436,0.01,True
1101,58994.2631019,690.8958613317009,g,g,4228.183710204082,4228.183710204082,1.8365205536703986e-17,-0.8274685270673512,1.8365205536703985e-19,0.01,21.322945826984196,2.0686713176683824,0.01,True
1102,58994.264027799945,690.8967872316498,g,g,4228.183710204082,4228.183710204082,2.1398715343503374e-17,-0.761076618667138,2.1398715343503375e-19,0.01,21.156966055983663,1.9026915466678496,0.01,True
1103,58995.311504600104,691.9442640318084,g,g,4366.873551020408,4366.873551020408,1.810133396849563e-17,-0.8337537390848357,1.8101333968495633e-19,0.01,21.3386588570279,2.0843843477120885,0.01,True
1104,58996.318958300166,692.9517177318703,g,g,4830.0,4830.0,2.04667678204423e-17,-0.7804150573829549,2.0466767820442301e-19,0.01,21.205312152773207,1.9510376434573935,0.01,True
1105,58997.22158560017,693.8543450318757,g,g,4366.873551020408,4366.873551020408,2.117451128665782e-17,-0.7656509247553505,2.117451128665782e-19,0.01,21.168401821204192,1.9141273118883788,0.01,True
1106,58997.22444440005,693.8572038317579,g,g,4366.873551020408,4366.873551020408,2.1188247510070857e-17,-0.7653692827467093,2.1188247510070858e-19,0.01,21.16769771618259,1.9134232068667778,0.01,True
1107,58998.34932869999,694.9820881316919,g,g,4228.183710204082,4228.183710204082,2.1360675590915584e-17,-0.7618493358943521,2.1360675590915585e-19,0.01,21.158897849051698,1.9046233397358847,0.01,True
1108,58999.25640049996,695.889159931663,g,g,4195.842228571429,4195.842228571429,4.009270233273461e-17,-0.48839899064028636,4.0092702332734606e-19,0.01,20.475271985916535,1.220997476600722,0.01,True
1109,59000.24846060015,696.8812200318571,g,g,4859.134820408163,4859.134820408163,3.276035920368187e-17,-0.576115665269386,3.276035920368187e-19,0.01,20.69456367248928,1.4402891631734676,0.01,True
1110,59000.40259259986,697.0353520315621,g,g,4859.134820408163,4859.134820408163,4.731140257401509e-17,-0.41649849709019016,4.731140257401509e-19,0.01,20.29552075204129,1.041246242725478,0.01,True
1111,59000.403530099895,697.0362895315993,g,g,4859.134820408163,4859.134820408163,9.041323949313687e-17,-0.13523229001194004,9.041323949313687e-19,0.01,19.592355234345668,0.33808072502985453,0.01,True
1112,59001.387060199864,698.0198196315687,g,g,4180.780293877551,4180.780293877551,3.2895757659943005e-17,-0.574324426658853,3.2895757659943004e-19,0.01,20.69008557596295,1.4358110666471369,0.01,True
1113,59012.30472220015,708.9374816318523,g,g,4366.873551020408,4366.873551020408,2.0657702617561352e-17,-0.7763822990889171,2.0657702617561353e-19,0.01,21.195230257038112,1.940955747722299,0.01,True
1114,59016.20591440005,712.8386738317568,g,g,4830.0,4830.0,2.0500475245104896e-17,-0.7797003911892784,2.0500475245104896e-19,0.01,21.20352548728901,1.9492509779731968,0.01,True
1115,59019.270960600115,715.9037200318198,g,g,4366.873551020408,4366.873551020408,1.8688989494340907e-17,-0.8198785003448474,1.8688989494340907e-19,0.01,21.303970760177933,2.0496962508621195,0.01,True
1116,59025.24188659992,721.8746460316252,g,g,4195.842228571429,4195.842228571429,2.5956404156430812e-17,-0.6772197924827541,2.5956404156430812e-19,0.01,20.947323990522698,1.6930494812068844,0.01,True
1117,59028.34716439992,724.9799238316264,g,g,4333.342228571429,4333.342228571429,4.584568441589925e-17,-0.4301658596811908,4.584568441589924e-19,0.01,20.32968915851879,1.0754146492029761,0.01,True
1118,59031.204722200055,727.8374816317591,g,g,4180.780293877551,4180.780293877551,4.690365926664894e-17,-0.4202575940017983,4.690365926664894e-19,0.01,20.304918494320308,1.0506439850044949,0.01,True
1119,59033.2260532002,729.858812631901,g,g,4830.0,4830.0,6.394753182864381e-17,-0.28564053348948626,6.394753182864381e-19,0.01,19.96837584303953,0.7141013337237183,0.01,True
1120,59036.20760420011,732.840363631818,g,g,4333.342228571429,4333.342228571429,5.309665680370893e-17,-0.3663971433677009,5.309665680370893e-19,0.01,20.17026736773507,0.9159928584192585,0.01,True
1121,59037.243564799894,733.8763242315981,g,g,4195.842228571429,4195.842228571429,5.570900335146147e-17,-0.3455389313539552,5.5709003351461475e-19,0.01,20.118121837700706,0.8638473283848924,0.01,True
1122,59038.242013900075,734.8747733317796,g,g,4333.342228571429,4333.342228571429,3.9553665426026793e-17,-0.49427758460697113,3.9553665426026795e-19,0.01,20.489968470833247,1.235693961517434,0.01,True
1123,59039.204120399896,735.8368798316005,g,g,4764.327987755102,4764.327987755102,2.890859217955731e-17,-0.6304373777768735,2.890859217955731e-19,0.01,20.830367953758,1.5760934444421864,0.01,True
1124,59040.24075229978,736.8735117314864,g,g,4231.414367346939,4231.414367346939,2.010463369628394e-17,-0.7881681555177327,2.0104633696283942e-19,0.01,21.224694898110144,1.9704203887943308,0.01,True
1125,59041.21528939996,737.8480488316636,g,g,4195.842228571429,4195.842228571429,2.5933720353871797e-17,-0.6775994967521282,2.5933720353871797e-19,0.01,20.948273251196138,1.6939987418803248,0.01,True
1126,59042.303692100104,738.9364515318084,g,g,4228.183710204082,4228.183710204082,2.473483045000564e-17,-0.6981553824924749,2.4734830450005644e-19,0.01,20.999662965547007,1.7453884562311934,0.01,True
1127,59043.22325230017,739.8560117318775,g,g,4764.327987755102,4764.327987755102,2.1925970769432803e-17,-0.750505489447777,2.1925970769432803e-19,0.01,21.13053823293526,1.876263723619445,0.01,True
1128,59044.204120399896,740.8368798316005,g,g,4830.0,4830.0,2.071492906579202e-17,-0.7751808697611597,2.071492906579202e-19,0.01,21.19222668371872,1.9379521744029056,0.01,True
1129,59045.256713000126,741.8894724318307,g,g,4366.873551020408,4366.873551020408,1.887659731355188e-17,-0.8155406089413706,1.8876597313551881e-19,0.01,21.29312603166924,2.0388515223534256,0.01,True
1130,59046.21988430014,742.8526437318433,g,g,4830.0,4830.0,2.1982361803131405e-17,-0.7493899686892309,2.1982361803131403e-19,0.01,21.127749431038893,1.87347492172308,0.01,True
1131,59047.26166669978,743.8944261314828,g,g,4180.780293877551,4180.780293877551,2.0755292981626124e-17,-0.7743354519849834,2.0755292981626126e-19,0.01,21.190113139278274,1.9358386299624613,0.01,True
1132,59048.28456019983,744.9173196315314,g,g,5393.061485714286,5393.061485714286,2.2305615367331287e-17,-0.7430501111824643,2.230561536733129e-19,0.01,21.111899787271977,1.8576252779561635,0.01,True
1133,59049.30471060006,745.937470031764,g,g,4879.967518367347,4879.967518367347,2.629900300833119e-17,-0.6715250354854287,2.629900300833119e-19,0.01,20.933087098029386,1.6788125887135728,0.01,True
1134,59049.305636600126,745.93839603183,g,g,4879.967518367347,4879.967518367347,2.8480079544182093e-17,-0.6369231223011926,2.8480079544182095e-19,0.01,20.8465823150688,1.5923078057529878,0.01,True
1135,59050.19884259999,746.8316020316925,g,g,4859.134820408163,4859.134820408163,2.1234918692355327e-17,-0.7644137178079458,2.1234918692355329e-19,0.01,21.16530880383568,1.9110342945198653,0.01,True
1136,59050.20276620006,746.8355256317664,g,g,4859.134820408163,4859.134820408163,2.3206069588932426e-17,-0.725862729996317,2.3206069588932424e-19,0.01,21.068931334306605,1.8146568249907915,0.01,True
1137,59051.300763899926,747.9335233316306,g,g,4830.0,4830.0,2.4458508131980385e-17,-0.703034356904114,2.4458508131980387e-19,0.01,21.011860401576104,1.7575858922602912,0.01,True
1138,59051.30170139996,747.9344608316678,g,g,4830.0,4830.0,2.6990399555903596e-17,-0.6602550065026573,2.6990399555903596e-19,0.01,20.904912025572457,1.6506375162566442,0.01,True
1139,59052.30836809985,748.9411275315579,g,g,4366.873551020408,4366.873551020408,2.1676476218601267e-17,-0.7554756366189981,2.1676476218601268e-19,0.01,21.142963600863315,1.8886890915475014,0.01,True
1140,59052.30930559989,748.9420650315951,g,g,4366.873551020408,4366.873551020408,2.1742374153503417e-17,-0.7541573552169698,2.1742374153503417e-19,0.01,21.139667897358244,1.8853933880424307,0.01,True
1141,59053.20166670019,749.8344261318925,g,g,4830.0,4830.0,1.954144527562084e-17,-0.8005076394662805,1.954144527562084e-19,0.01,21.255543607981515,2.001269098665702,0.01,True
1142,59053.202604200225,749.8353636319298,g,g,4830.0,4830.0,1.887812807630248e-17,-0.8155053920614055,1.8878128076302478e-19,0.01,21.293037989469333,2.03876348015352,0.01,True
1143,59054.26034720009,750.8931066317964,g,g,4333.342228571429,4333.342228571429,2.6502636185440427e-17,-0.6681752454050827,2.6502636185440427e-19,0.01,20.924712622828526,1.6704381135127129,0.01,True
1144,59054.26130789984,750.8940673315446,g,g,4333.342228571429,4333.342228571429,2.4829031839160822e-17,-0.696504534843827,2.482903183916082e-19,0.01,20.995535846425383,1.7412613371095702,0.01,True
1145,59055.3072453998,751.9400048315074,g,g,4830.0,4830.0,2.736734937839209e-17,-0.6542315837042825,2.736734937839209e-19,0.01,20.88985346857652,1.6355789592607053,0.01,True
1146,59055.30817130022,751.940930731922,g,g,4830.0,4830.0,2.2560838364506513e-17,-0.7381090861754682,2.256083836450651e-19,0.01,21.099547224754485,1.8452727154386714,0.01,True
1147,59056.26438659988,752.8971460315879,g,g,4195.842228571429,4195.842228571429,2.4496525271234795e-17,-0.7023598343487354,2.4496525271234796e-19,0.01,21.01017409518765,1.7558995858718376,0.01,True
1148,59056.267199099995,752.8999585316997,g,g,4195.842228571429,4195.842228571429,3.5566521615402536e-17,-0.5404229267204865,3.5566521615402535e-19,0.01,20.60533182611703,1.3510573168012172,0.01,True
1149,59059.28390049981,755.916659931514,g,g,4180.780293877551,4180.780293877551,3.921545284407057e-17,-0.49800708581104125,3.921545284407057e-19,0.01,20.499292223843415,1.2450177145276022,0.01,True
1150,59060.296469899826,756.9292293315302,g,g,4228.183710204082,4228.183710204082,4.319739484647613e-17,-0.4560067641194028,4.3197394846476132e-19,0.01,20.394291419614326,1.1400169102985132,0.01,True
1151,59061.17649309989,757.8092525315951,g,g,4366.873551020408,4366.873551020408,3.8658299620990515e-17,-0.5042215725012138,3.8658299620990516e-19,0.01,20.51482844056885,1.2605539312530354,0.01,True
1152,59062.3432407002,758.976000131901,g,g,4333.342228571429,4333.342228571429,7.674273556725364e-17,-0.2064270442668299,7.674273556725364e-19,0.01,19.770342119982885,0.5160676106670721,0.01,True
1153,59062.34417819977,758.9769376314725,g,g,4333.342228571429,4333.342228571429,8.362480614876653e-17,-0.1691291962057786,8.362480614876653e-19,0.01,19.67709749983026,0.4228229905144474,0.01,True
1154,59063.26561339991,759.8983728316161,g,g,4180.780293877551,4180.780293877551,6.470386160747856e-17,-0.2805341195611728,6.470386160747856e-19,0.01,19.955609808218746,0.7013352989029329,0.01,True
1155,59063.26655089995,759.8993103316534,g,g,4180.780293877551,4180.780293877551,6.88431547305359e-17,-0.25360355663000966,6.88431547305359e-19,0.01,19.888283400890835,0.6340088915750215,0.01,True
1156,59064.223263899796,760.8560233315002,g,g,4228.183710204082,4228.183710204082,7.979687738065367e-17,-0.18947842341346366,7.979687738065367e-19,0.01,19.727970567849475,0.4736960585336618,0.01,True
1157,59064.225254599936,760.8580140316408,g,g,4228.183710204082,4228.183710204082,9.013588242744416e-17,-0.13656660542281962,9.013588242744416e-19,0.01,19.595691022872867,0.3414165135570535,0.01,True
1158,59065.21903940011,761.8517988318126,g,g,4195.842228571429,4195.842228571429,6.579650694941767e-17,-0.2732614821424644,6.579650694941767e-19,0.01,19.93742821467197,0.6831537053561583,0.01,True
1159,59065.219976900145,761.8527363318499,g,g,4195.842228571429,4195.842228571429,7.986411953986948e-17,-0.18911261208836372,7.986411953986948e-19,0.01,19.72705603953672,0.47278153022090663,0.01,True
1160,59066.29896989977,762.9317293314743,g,g,4195.842228571429,4195.842228571429,6.646281793779163e-17,-0.2688855693826593,6.646281793779164e-19,0.01,19.926488432772462,0.6722139234566491,0.01,True
1161,59066.3003934999,762.9331529316041,g,g,4195.842228571429,4195.842228571429,8.048919049471356e-17,-0.1857267606654407,8.0489190494713555e-19,0.01,19.718591410979414,0.46431690166360085,0.01,True
1162,59067.2196411998,763.8524006315056,g,g,4881.037526530612,4881.037526530612,3.349865518177374e-17,-0.5664369477977562,3.349865518177374e-19,0.01,20.670366878810206,1.4160923694943932,0.01,True
1163,59067.220567100216,763.8533265319202,g,g,4881.037526530612,4881.037526530612,3.7389502763553214e-17,-0.5187146306554293,3.738950276355321e-19,0.01,20.551061085954387,1.2967865766385742,0.01,True
1164,59068.1984490999,764.8312085316065,g,g,4228.183710204082,4228.183710204082,2.2403450212506317e-17,-0.7411494138332504,2.240345021250632e-19,0.01,21.10714804389894,1.852873534583125,0.01,True
1165,59069.18783560023,765.8205950319316,g,g,4366.873551020408,4366.873551020408,2.1347298544549184e-17,-0.7621213964511302,2.1347298544549184e-19,0.01,21.159578000443645,1.9053034911278317,0.01,True
1166,59070.21700230008,766.8497617317844,g,g,4333.342228571429,4333.342228571429,2.2862208789830345e-17,-0.7323461336009895,2.2862208789830345e-19,0.01,21.08513984331829,1.8308653340024783,0.01,True
1167,59070.21793980012,766.8506992318216,g,g,4333.342228571429,4333.342228571429,2.116840282063714e-17,-0.7657762289844054,2.1168402820637139e-19,0.01,21.16871508177683,1.914440572461018,0.01,True
1168,59071.220925900154,767.8536853318583,g,g,4764.327987755102,4764.327987755102,2.1137366225854964e-17,-0.7664134481898675,2.1137366225854965e-19,0.01,21.170308129790484,1.9160336204746713,0.01,True
1169,59072.24192130007,768.874680731773,g,g,4195.842228571429,4195.842228571429,2.933122992196267e-17,-0.624134045971724,2.933122992196267e-19,0.01,20.81460962424513,1.560335114929316,0.01,True
1170,59073.23921300005,769.8719724317561,g,g,4366.873551020408,4366.873551020408,3.0347090217402876e-17,-0.6093472644716531,3.0347090217402876e-19,0.01,20.77764267049495,1.5233681611791354,0.01,True
1171,59073.244409699924,769.8771691316288,g,g,4366.873551020408,4366.873551020408,2.3695226605480604e-17,-0.7168034538812638,2.3695226605480603e-19,0.01,21.04628314401897,1.7920086347031585,0.01,True
1172,59074.20366899995,770.8364284316558,g,g,4830.0,4830.0,2.4778261033326827e-17,-0.6973934964152964,2.477826103332683e-19,0.01,20.99775825035406,1.743483741038247,0.01,True
1173,59075.178588000126,771.8113474318307,g,g,4764.327987755102,4764.327987755102,3.210944297788853e-17,-0.5848315485815068,3.210944297788853e-19,0.01,20.71635338076958,1.462078871453766,0.01,True
1174,59076.28435190022,772.9171113319244,g,g,4195.842228571429,4195.842228571429,6.431269494134091e-17,-0.2831676117221722,6.431269494134091e-19,0.01,19.962193538621243,0.7079190293054296,0.01,True
1175,59077.217523099855,773.8502825315591,g,g,4366.873551020408,4366.873551020408,2.7460253272931845e-17,-0.6527597817136499,2.7460253272931847e-19,0.01,20.886173963599937,1.6318994542841239,0.01,True
1176,59078.200983799994,774.8337432316985,g,g,4228.183710204082,4228.183710204082,2.5026340243165098e-17,-0.6930669755639887,2.50263402431651e-19,0.01,20.98694194822579,1.7326674389099779,0.01,True
1177,59080.22361110011,776.8563705318156,g,g,4195.842228571429,4195.842228571429,3.779433465152135e-17,-0.5140376160125779,3.7794334651521353e-19,0.01,20.53936854934726,1.2850940400314457,0.01,True
1178,59081.217777799815,777.8505372315194,g,g,4195.842228571429,4195.842228571429,4.067950656743712e-17,-0.48208864384605654,4.067950656743712e-19,0.01,20.459496118930954,1.2052216096151405,0.01,True
1179,59082.28458329989,778.9173427315909,g,g,4333.342228571429,4333.342228571429,5.260830049169532e-17,-0.3704100480778241,5.260830049169532e-19,0.01,20.180299629510372,0.9260251201945593,0.01,True
1180,59084.17428239994,780.807041831642,g,g,3702.391118367347,3702.391118367347,3.641438528404651e-17,-0.5301913372710434,3.641438528404651e-19,0.01,20.57975285249342,1.3254783431776076,0.01,True
1181,59085.26371529978,781.8964747314822,g,g,4180.780293877551,4180.780293877551,3.1882739180587633e-17,-0.5879086938442715,3.188273918058763e-19,0.01,20.724046243926495,1.4697717346106813,0.01,True
1182,59086.19601849979,782.8287779314924,g,g,4333.342228571429,4333.342228571429,3.2562624378678743e-17,-0.5787449207307933,3.256262437867874e-19,0.01,20.701136811142803,1.4468623018269895,0.01,True
1183,59087.1787963002,783.8115557319034,g,g,4366.873551020408,4366.873551020408,4.0695017375255734e-17,-0.481923081996948,4.0695017375255734e-19,0.01,20.45908221430819,1.2048077049923762,0.01,True
1184,59088.258807899896,784.8915673316005,g,g,3702.391118367347,3702.391118367347,8.430663784475632e-17,-0.1656025502925349,8.430663784475632e-19,0.01,19.668280885047153,0.4140063757313399,0.01,True
1185,59089.243495400064,785.8762548317682,g,g,4764.327987755102,4764.327987755102,9.222470934934399e-17,-0.12661702504100525,9.222470934934398e-19,0.01,19.570817071918324,0.31654256260251046,0.01,True
1186,59090.24056709977,786.8733265314731,g,g,4333.342228571429,4333.342228571429,6.28080549478561e-17,-0.2934489759460579,6.280805494785611e-19,0.01,19.98789694918096,0.7336224398651474,0.01,True
1187,59093.15942130005,789.7921807317543,g,g,4764.327987755102,4764.327987755102,5.5486536972533595e-17,-0.34727669978252074,5.5486536972533595e-19,0.01,20.12246625877212,0.8681917494563081,0.01,True
1188,59093.1618170999,789.7945765316035,g,g,4764.327987755102,4764.327987755102,5.620358242431626e-17,-0.3417003217986174,5.620358242431626e-19,0.01,20.108525313812358,0.8542508044965444,0.01,True
1189,59094.18248840002,790.8152478317279,g,g,4830.0,4830.0,8.633634293758316e-17,-0.15527067151648843,8.633634293758316e-19,0.01,19.642451188107035,0.388176678791222,0.01,True
1190,59094.18342590006,790.8161853317652,g,g,4830.0,4830.0,9.094480157432657e-17,-0.13268644050485356,9.094480157432657e-19,0.01,19.585990610577944,0.33171610126213125,0.01,True
1191,59095.17828699993,791.8110464316342,g,g,4195.842228571429,4195.842228571429,6.343678772288066e-17,-0.28912313694028846,6.343678772288066e-19,0.01,19.97708235166653,0.7228078423507185,0.01,True
1192,59095.181585600134,791.8143450318385,g,g,4195.842228571429,4195.842228571429,6.751862708190556e-17,-0.262040717441975,6.7518627081905555e-19,0.01,19.909376302920755,0.6551017936049419,0.01,True
1193,59097.20714120008,793.839900631785,g,g,5347.875681632653,5347.875681632653,6.128655672032031e-17,-0.3040990982920935,6.1286556720320315e-19,0.01,20.01452225504605,0.7602477457302363,0.01,True
1194,59098.21907409979,794.8518335314948,g,g,4333.342228571429,4333.342228571429,5.376548399679529e-17,-0.3609607605666003,5.376548399679529e-19,0.01,20.156676410732313,0.9024019014164999,0.01,True
1195,59099.15398149984,795.786740931544,g,g,4366.873551020408,4366.873551020408,2.6993708093734062e-17,-0.6602017730683247,2.6993708093734063e-19,0.01,20.90477894198663,1.650504432670818,0.01,True
1196,59128.153206000105,824.785965431809,g,g,4830.0,4830.0,3.989076718047743e-17,-0.4905919314866569,3.9890767180477427e-19,0.01,20.48075433803246,1.2264798287166485,0.01,True
1197,59130.16062500002,826.7933844317231,g,g,4333.342228571429,4333.342228571429,4.02539332667781e-17,-0.48665599795781667,4.02539332667781e-19,0.01,20.47091450421036,1.216639994894546,0.01,True
1198,59193.546770799905,890.1795302316095,g,g,4195.842228571429,4195.842228571429,3.8846684686612166e-17,-0.502110359749631,3.8846684686612167e-19,0.01,20.50955040868989,1.2552758993740767,0.01,True
1199,59199.546354200225,896.1791136319298,g,g,4366.873551020408,4366.873551020408,3.599605047714391e-17,-0.5352094680878405,3.599605047714391e-19,0.01,20.592298179535415,1.3380236702196022,0.01,True
1200,59202.50687499996,899.1396344316672,g,g,4366.873551020408,4366.873551020408,3.8766180102271234e-17,-0.503011311141675,3.8766180102271235e-19,0.01,20.51180278717,1.2575282778541883,0.01,True
1201,59202.508287000004,899.1410464317087,g,g,4366.873551020408,4366.873551020408,3.869130602370891e-17,-0.5038509306778014,3.8691306023708915e-19,0.01,20.51390183601032,1.2596273266945062,0.01,True
1202,59203.53802079987,900.1707802315723,g,g,4366.873551020408,4366.873551020408,4.461753618244818e-17,-0.4419587357352963,4.461753618244818e-19,0.01,20.359171348654055,1.1048968393382417,0.01,True
1203,59215.51559029985,912.1483497315567,g,g,4195.842228571429,4195.842228571429,9.178960849904014e-17,-0.1286708027330956,9.178960849904013e-19,0.01,19.57595151614855,0.32167700683273637,0.01,True
1204,59215.518912000116,912.1516714318204,g,g,4195.842228571429,4195.842228571429,9.493547137549369e-17,-0.11403580913862932,9.49354713754937e-19,0.01,19.53936403216239,0.28508952284657596,0.01,True
1205,59217.551909700036,914.1846691317405,g,g,4180.780293877551,4180.780293877551,1.4039584701862357e-16,0.055889941087782447,1.4039584701862357e-18,0.01,19.11454965659636,-0.13972485271945345,0.01,True
1206,59217.55285880016,914.1856182318661,g,g,4180.780293877551,4180.780293877551,1.002958760123938e-16,-0.09018124426908436,1.002958760123938e-18,0.01,19.479727619988527,0.22545311067271356,0.01,True
1207,59218.474120399915,915.1068798316192,g,g,4195.842228571429,4195.842228571429,5.1919423860567305e-17,-0.3761344557015267,5.191942386056731e-19,0.01,20.194610648569633,0.9403361392538194,0.01,True
1208,59219.53421299998,916.1669724316816,g,g,4195.842228571429,4195.842228571429,5.100055869518887e-17,-0.38388938655744376,5.100055869518888e-19,0.01,20.21399797570943,0.9597234663936156,0.01,True
1209,59219.53799769981,916.1707571315128,g,g,4195.842228571429,4195.842228571429,5.5275679458489146e-17,-0.3489302305332007,5.527567945848915e-19,0.01,20.126600085648814,0.8723255763330009,0.01,True
1210,59221.49387730006,918.1266367317658,g,g,4195.842228571429,4195.842228571429,3.8802195640155345e-17,-0.5026080191985312,3.880219564015535e-19,0.01,20.510794557312142,1.2565200479963288,0.01,True
1211,59221.4948148001,918.127574231803,g,g,4195.842228571429,4195.842228571429,3.607767834631558e-17,-0.5342257379857092,3.607767834631558e-19,0.01,20.58983885428009,1.3355643449642756,0.01,True
1212,59223.54855319997,920.1813126316774,g,g,4366.873551020408,4366.873551020408,3.165847520752693e-17,-0.5909743264844085,3.165847520752693e-19,0.01,20.73171032552684,1.4774358162110275,0.01,True
1213,59224.52527779993,921.1580372316312,g,g,4764.327987755102,4764.327987755102,3.520271646301023e-17,-0.5448881425768679,3.5202716463010235e-19,0.01,20.616494865757986,1.3622203564421724,0.01,True
1214,59224.526215299964,921.1589747316684,g,g,4764.327987755102,4764.327987755102,3.261092102513999e-17,-0.5781012555515535,3.261092102513999e-19,0.01,20.699527648194703,1.4452531388788898,0.01,True
1215,59225.48908559978,922.1218450314846,g,g,4830.0,4830.0,6.877409029734136e-17,-0.25403946573056224,6.877409029734136e-19,0.01,19.889373173642216,0.6350986643264029,0.01,True
1216,59225.49200229999,922.1247617316913,g,g,4830.0,4830.0,9.678241450996096e-17,-0.10566786763483016,9.678241450996096e-19,0.01,19.518444178402888,0.2641696690870745,0.01,True
1217,59226.55096059991,923.1837200316149,g,g,4195.842228571429,4195.842228571429,2.2930107088752804e-17,-0.7310582372543255,2.2930107088752806e-19,0.01,21.081920102451633,1.82764559313582,0.01,True
1218,59226.55493059987,923.1876900315765,g,g,4195.842228571429,4195.842228571429,2.5046931212373898e-17,-0.6927097971912364,2.50469312123739e-19,0.01,20.986049002293903,1.73177449297809,0.01,True
1219,59227.4737383998,924.1064978315044,g,g,4180.780293877551,4180.780293877551,3.3083284804520157e-17,-0.5718556965785613,3.3083284804520155e-19,0.01,20.68391375076222,1.4296392414464059,0.01,True
1220,59227.47702550003,924.1097849317375,g,g,4180.780293877551,4180.780293877551,3.162502913613804e-17,-0.5914333859422758,3.162502913613804e-19,0.01,20.73285797417151,1.4785834648556957,0.01,True
1221,59229.55273150001,926.1854909317117,g,g,4366.873551020408,4366.873551020408,5.393981437812099e-17,-0.35955487265028374,5.393981437812099e-19,0.01,20.153161690941527,0.8988871816257138,0.01,True
1222,59229.554282399826,926.1870418315302,g,g,4366.873551020408,4366.873551020408,4.692074098036096e-17,-0.42009945829149054,4.692074098036096e-19,0.01,20.304523155044546,1.0502486457287326,0.01,True
1223,59231.42715279991,928.0599122316125,g,g,4366.873551020408,4366.873551020408,2.811590246089372e-17,-0.6425122922400401,2.8115902460893717e-19,0.01,20.860555239915918,1.6062807306001048,0.01,True
1224,59231.42812500009,928.0608844317976,g,g,4366.873551020408,4366.873551020408,2.802586102346509e-17,-0.6439053561739048,2.802586102346509e-19,0.01,20.864037899750574,1.609763390434761,0.01,True
1225,59232.530578699894,929.1633381315987,g,g,4366.873551020408,4366.873551020408,2.0585407331161426e-17,-0.7779048552757946,2.0585407331161427e-19,0.01,21.199036647505302,1.944762138189489,0.01,True
1226,59248.49228010001,945.1250395317111,g,g,4195.842228571429,4195.842228571429,3.5785488215384765e-17,-0.5377573736450199,3.5785488215384763e-19,0.01,20.598667943428367,1.344393434112554,0.01,True
1227,59249.44966439996,946.0824238316636,g,g,4764.327987755102,4764.327987755102,4.8320512896064173e-17,-0.40733278480365875,4.832051289606418e-19,0.01,20.272606471324966,1.018331962009153,0.01,True
1228,59249.452094899956,946.0848543316606,g,g,4764.327987755102,4764.327987755102,4.905118462906238e-17,-0.40081481980715417,4.905118462906238e-19,0.01,20.2563115588337,1.002037049517888,0.01,True
1229,59250.489965300076,947.1227247317802,g,g,4195.842228571429,4195.842228571429,2.996502074237798e-17,-0.6148497375820146,2.996502074237798e-19,0.01,20.791398853270856,1.5371243439550426,0.01,True
1230,59251.4307407001,948.0635001318078,g,g,4879.967518367347,4879.967518367347,2.6364540351574817e-17,-0.6704441161470616,2.6364540351574818e-19,0.01,20.930384799683473,1.6761102903676601,0.01,True
1231,59251.43315970013,948.0659191318337,g,g,4879.967518367347,4879.967518367347,3.258130796972752e-17,-0.5784958052591112,3.258130796972752e-19,0.01,20.700514022463597,1.446239513147784,0.01,True
1232,59253.53206019988,950.1648196315873,g,g,4195.842228571429,4195.842228571429,1.9263699795765317e-17,-0.8067246186280901,1.9263699795765318e-19,0.01,21.271086055886045,2.0168115465702314,0.01,True
1233,59256.532557900064,953.1653173317682,g,g,4830.0,4830.0,1.9935028536216345e-17,-0.7918474585673412,1.9935028536216346e-19,0.01,21.233893155734172,1.9796186464183592,0.01,True
1234,59258.38511569984,955.017875131547,g,g,3682.74826122449,3682.74826122449,1.7018688466936387e-16,0.13946176820243394,1.7018688466936388e-18,0.01,18.90562008880973,-0.3486544205060831,0.01,True
1235,59258.386099500116,955.0188589318204,g,g,3682.74826122449,3682.74826122449,9.807691970276228e-17,-0.09989750271981102,9.80769197027623e-19,0.01,19.50401826611534,0.24974375679952843,0.01,True
1236,59260.513205999974,957.1459654316786,g,g,4366.873551020408,4366.873551020408,9.814821478565463e-16,0.9004180843993446,9.814821478565463e-18,0.01,17.003229298317454,-2.2510452109983596,0.01,True
1237,59262.52940970007,959.1621691317778,g,g,4195.842228571429,4195.842228571429,3.844037073665909e-17,-0.5066767526888949,3.8440370736659093e-19,0.01,20.52096639103805,1.2666918817222381,0.01,True
1238,59262.53034720011,959.163106631815,g,g,4195.842228571429,4195.842228571429,2.886135815366034e-17,-0.6311475560359145,2.8861358153660337e-19,0.01,20.832143399405602,1.577868890089789,0.01,True
1239,59263.51090280013,960.1436622318361,g,g,4366.873551020408,4366.873551020408,3.8270900655333355e-17,-0.5085956373473817,3.8270900655333354e-19,0.01,20.52576360268427,1.271489093368455,0.01,True
1240,59264.406770799775,961.0395302314791,g,g,4764.327987755102,4764.327987755102,2.2497152112312086e-17,-0.7393367754721734,2.2497152112312085e-19,0.01,21.10261644799625,1.8483419386804378,0.01,True
1241,59265.428715299815,962.0614747315194,g,g,4366.873551020408,4366.873551020408,3.272571154440945e-17,-0.5765752221939362,3.2725711544409454e-19,0.01,20.695712564800658,1.441438055484845,0.01,True
1242,59265.432986100204,962.0657455319088,g,g,4366.873551020408,4366.873551020408,3.1125706499977815e-17,-0.598345102288727,3.1125706499977815e-19,0.01,20.750137265037633,1.49586275572182,0.01,True
1243,59267.372789400164,964.0055488318685,g,g,4764.327987755102,4764.327987755102,5.809215470106568e-17,-0.32734683501317186,5.809215470106568e-19,0.01,20.072641596848744,0.8183670875329305,0.01,True
1244,59267.3737269002,964.0064863319058,g,g,4764.327987755102,4764.327987755102,5.81985810724193e-17,-0.3265519239068926,5.81985810724193e-19,0.01,20.070654319083047,0.8163798097672341,0.01,True
1245,59269.4494097,966.0821691317033,g,g,4366.873551020408,4366.873551020408,3.714465802125453e-17,-0.5215679559462796,3.714465802125453e-19,0.01,20.558194399181517,1.3039198898657034,0.01,True
1246,59269.452395800035,966.0851552317399,g,g,4366.873551020408,4366.873551020408,3.6736359074613855e-17,-0.5263682088860602,3.6736359074613855e-19,0.01,20.570195031530968,1.3159205222151549,0.01,True
1247,59270.43520830013,967.067967731833,g,g,4180.780293877551,4180.780293877551,6.202277517219975e-17,-0.2989131256573767,6.202277517219975e-19,0.01,20.001557323459256,0.7472828141434427,0.01,True
1248,59271.43537040008,968.0681298317868,g,g,4195.842228571429,4195.842228571429,8.99400014658353e-17,-0.13751142993180387,8.99400014658353e-19,0.01,19.59805308414532,0.343778574829507,0.01,True
1249,59271.43633100018,968.0690904318835,g,g,4195.842228571429,4195.842228571429,8.884994528620833e-17,-0.1428071555389412,8.884994528620832e-19,0.01,19.611292398163165,0.3570178888473521,0.01,True
1250,59272.433877300005,969.0666367317099,g,g,4195.842228571429,4195.842228571429,9.153002671294078e-17,-0.12990073113135558,9.153002671294079e-19,0.01,19.5790263371442,0.3247518278283863,0.01,True
1251,59273.43471059995,970.0674700316522,g,g,4830.0,4830.0,1.0209653328602132e-16,-0.08245332448510112,1.0209653328602133e-18,0.01,19.460407820528566,0.2061333112127528,0.01,True
1252,59273.43567130016,970.0684307318661,g,g,4830.0,4830.0,9.724547010038008e-17,-0.10359494012817727,9.724547010038008e-19,0.01,19.513261859636255,0.2589873503204423,0.01,True
1253,59274.47486109985,971.1076205315549,g,g,4195.842228571429,4195.842228571429,8.75946330260389e-17,-0.14898682273333996,8.759463302603891e-19,0.01,19.62674156614916,0.37246705683334724,0.01,True
1254,59275.47681709984,972.1095765315476,g,g,4195.842228571429,4195.842228571429,6.996966334341088e-17,-0.2465545359173742,6.996966334341088e-19,0.01,19.87066084910925,0.6163863397934364,0.01,True
1255,59275.47776619997,972.1105256316732,g,g,4195.842228571429,4195.842228571429,5.4220869439153756e-17,-0.35729784296933254,5.422086943915376e-19,0.01,20.147519116739147,0.893244607423334,0.01,True
1256,59290.431562500075,987.064321931779,g,g,4830.0,4830.0,1.9563975808383968e-17,-0.8000072031142427,1.9563975808383967e-19,0.01,21.254292517101426,2.000018007785613,0.01,True
1257,59300.360949099995,996.9937085316997,g,g,4830.0,4830.0,8.061086407863008e-17,-0.1850707438034238,8.061086407863008e-19,0.01,19.716951368824375,0.4626768595085622,0.01,True
1258,59300.3628934999,996.9956529316041,g,g,4830.0,4830.0,9.473278005383032e-17,-0.11496403782608944,9.473278005383033e-19,0.01,19.541684603881038,0.2874100945652245,0.01,True
1259,59301.472696799785,998.1054562314894,g,g,4195.842228571429,4195.842228571429,6.776253808313224e-17,-0.2604746558758517,6.776253808313225e-19,0.01,19.905461149005443,0.6511866396896302,0.01,True
1260,59302.342800899874,998.9755603315789,g,g,4195.842228571429,4195.842228571429,6.706556082131464e-17,-0.26496475960881405,6.706556082131464e-19,0.01,19.916686408337853,0.6624118990220396,0.01,True
1261,59302.34376160009,998.9765210317928,g,g,4195.842228571429,4195.842228571429,6.736080268048891e-17,-0.26305706660726536,6.736080268048892e-19,0.01,19.91191717583398,0.6576426665181678,0.01,True
1262,59303.36950229993,1000.0022617316354,g,g,4180.780293877551,4180.780293877551,5.904064387221468e-17,-0.32031323516963717,5.904064387221469e-19,0.01,20.05505759723991,0.8007830879240956,0.01,True
1263,59305.41096059978,1002.0437200314846,g,g,4195.842228571429,4195.842228571429,4.0352016635757795e-17,-0.48559907630402144,4.0352016635757794e-19,0.01,20.46827220007587,1.2139976907600563,0.01,True
1264,59306.34291670006,1002.9756761317622,g,g,4180.780293877551,4180.780293877551,3.42977637611522e-17,-0.5561985155883296,3.42977637611522e-19,0.01,20.644770798286636,1.390496288970823,0.01,True
1265,59307.45505789993,1004.0878173316378,g,g,4366.873551020408,4366.873551020408,2.4699195498028812e-17,-0.6987815125876988,2.4699195498028815e-19,0.01,21.001228290785065,1.7469537814692515,0.01,True
1266,59307.45552079985,1004.0882802315537,g,g,4366.873551020408,4366.873551020408,2.6222913840500456e-17,-0.6727833722264354,2.6222913840500457e-19,0.01,20.936232939881904,1.681958430566091,0.01,True
1267,59308.388981500175,1005.0217409318793,g,g,4366.873551020408,4366.873551020408,2.2598259230794192e-17,-0.7373893339960862,2.259825923079419e-19,0.01,21.097747844306035,1.8434733349902217,0.01,True
1268,59309.32501159981,1005.9577710315134,g,g,4764.327987755102,4764.327987755102,2.656340373833013e-17,-0.6671805970585165,2.656340373833013e-19,0.01,20.92222600196211,1.6679514926462957,0.01,True
1269,59309.34313660022,1005.9758960319232,g,g,4764.327987755102,4764.327987755102,2.1510251904802738e-17,-0.7588188238373821,2.1510251904802738e-19,0.01,21.151321568909275,1.8970470595934614,0.01,True
1270,59310.38662040001,1007.0193798317123,g,g,4366.873551020408,4366.873551020408,3.0840393968178807e-17,-0.6023444029668834,3.084039396817881e-19,0.01,20.760135516733026,1.505861007417213,0.01,True
1271,59311.36832180014,1008.0010812318433,g,g,4366.873551020408,4366.873551020408,1.87805776277753e-17,-0.8177553746601038,1.87805776277753e-19,0.01,21.298662945966075,2.0443884366502623,0.01,True
1272,59313.47282409994,1010.1055835316438,g,g,4195.842228571429,4195.842228571429,2.7519613990836822e-17,-0.6518219823507803,2.7519613990836823e-19,0.01,20.883829465192765,1.6295549558769515,0.01,True
1273,59315.303935199976,1011.9366946316804,g,g,4764.327987755102,4764.327987755102,3.567438917492765e-17,-0.5391077744811898,3.567438917492765e-19,0.01,20.60204394551879,1.3477694362029773,0.01,True
1274,59317.47182870004,1014.1045881317477,g,g,4830.0,4830.0,1.9228619638935506e-17,-0.8075162114952992,1.9228619638935507e-19,0.01,21.273065038054064,2.0187905287382506,0.01,True
1275,59320.374317099806,1017.0070765315104,g,g,4228.183710204082,4228.183710204082,2.4181432039996144e-17,-0.7079823037562623,2.4181432039996143e-19,0.01,21.024230268706468,1.7699557593906547,0.01,True
1276,59322.3446411998,1018.9774006315056,g,g,4195.842228571429,4195.842228571429,2.5626222133146333e-17,-0.6827797338648391,2.5626222133146333e-19,0.01,20.961223843977912,1.7069493346620987,0.01,True
1277,59324.39275459992,1021.0255140316222,g,g,4180.780293877551,4180.780293877551,2.122600648184951e-17,-0.7645960277263075,2.1226006481849513e-19,0.01,21.165764578631585,1.9114900693157715,0.01,True
1278,59328.341296299826,1024.9740557315308,g,g,4228.183710204082,4228.183710204082,4.9306498492407975e-17,-0.39856015809641043,4.930649849240798e-19,0.01,20.250674904556845,0.9964003952410323,0.01,True
1279,59329.34207180003,1025.9748312317315,g,g,4180.780293877551,4180.780293877551,6.064670485244363e-17,-0.30865711113614047,6.064670485244363e-19,0.01,20.025917287156165,0.7716427778403521,0.01,True
1280,59334.223842599895,1030.8566020315993,g,g,4180.780293877551,4180.780293877551,2.3665247071464163e-17,-0.7173532772644169,2.3665247071464162e-19,0.01,21.047657702476855,1.7933831931610413,0.01,True
1281,59335.2803588002,1031.9131182319034,g,g,4195.842228571429,4195.842228571429,3.060359639988702e-17,-0.6056918543861105,3.060359639988702e-19,0.01,20.768504145281092,1.514229635965279,0.01,True
1282,59336.40452549979,1033.0372849314954,g,g,4830.0,4830.0,3.285015045224214e-17,-0.5749269572918703,3.2850150452242143e-19,0.01,20.691591902545493,1.43731739322968,0.01,True
1283,59339.368217600044,1036.0009770317483,g,g,4366.873551020408,4366.873551020408,1.951722689413775e-17,-0.8010462092743342,1.9517226894137752e-19,0.01,21.256890032501648,2.0026155231858347,0.01,True
1284,59341.328020799905,1037.9607802316095,g,g,4764.327987755102,4764.327987755102,1.822962276534466e-17,-0.8306866385656893,1.822962276534466e-19,0.01,21.33099110573004,2.076716596414226,0.01,True
1285,59343.28733799979,1039.9200974314954,g,g,4195.842228571429,4195.842228571429,1.922911389278146e-17,-0.8075050485016302,1.922911389278146e-19,0.01,21.273037130569893,2.01876262125408,0.01,True
1286,59345.386504599825,1042.019264031529,g,g,4366.873551020408,4366.873551020408,2.1850724492429393e-17,-0.7519984790338743,2.185072449242939e-19,0.01,21.134270706900498,1.8799961975846848,0.01,True
1287,59345.38744209986,1042.0202015315663,g,g,4366.873551020408,4366.873551020408,2.008637878006515e-17,-0.7885626720744501,2.008637878006515e-19,0.01,21.22568118950194,1.9714066801861279,0.01,True
1288,59346.45089119999,1043.0836506316919,g,g,4228.183710204082,4228.183710204082,2.0379890690660704e-17,-0.7822624699418856,2.0379890690660704e-19,0.01,21.209930684170534,1.9556561748547203,0.01,True
1289,59348.364409700036,1044.9971691317405,g,g,4366.873551020408,4366.873551020408,1.8336732930394775e-17,-0.8281423605923717,1.8336732930394775e-19,0.01,21.324630410796743,2.07035590148093,0.01,True
1290,59348.389930599835,1045.0226900315392,g,g,4366.873551020408,4366.873551020408,1.703497442309885e-17,-0.8601228344022278,1.703497442309885e-19,0.01,21.40458159532139,2.1503070860055757,0.01,True
1291,59349.37091440009,1046.003673831794,g,g,4366.873551020408,4366.873551020408,1.8521591903606922e-17,-0.8237860093191873,1.8521591903606923e-19,0.01,21.31373953261378,2.0594650232979674,0.01,True
1292,59353.34568289993,1049.9784423316378,g,g,4881.037526530612,4881.037526530612,2.4970048718214183e-17,-0.6940449305524314,2.4970048718214183e-19,0.01,20.989386835696894,1.7351123263810813,0.01,True
1293,59353.39371530013,1050.026474731836,g,g,4881.037526530612,4881.037526530612,2.831504483056478e-17,-0.639447066670181,2.8315044830564777e-19,0.01,20.852892175991272,1.5986176666754588,0.01,True
1294,59354.33989580022,1050.9726552319262,g,g,4333.342228571429,4333.342228571429,5.395629370239692e-17,-0.3594222102256328,5.395629370239691e-19,0.01,20.152830034879898,0.8985555255640847,0.01,True
1295,59354.392199099995,1051.0249585316997,g,g,4333.342228571429,4333.342228571429,4.410784936291051e-17,-0.4469484375391506,4.410784936291051e-19,0.01,20.371645603163692,1.1173710938478791,0.01,True
1296,59354.39313660003,1051.025896031737,g,g,4333.342228571429,4333.342228571429,3.654820130757914e-17,-0.5285983119004722,3.6548201307579145e-19,0.01,20.575770289066995,1.3214957797511815,0.01,True
1297,59355.413587999996,1052.0463474317003,g,g,4366.873551020408,4366.873551020408,4.100434608436168e-17,-0.47863442985318905,4.1004346084361683e-19,0.01,20.45086058394879,1.1965860746329753,0.01,True
1298,59356.430995400064,1053.0637548317682,g,g,4180.780293877551,4180.780293877551,3.009261256678225e-17,-0.6130044264836929,3.009261256678225e-19,0.01,20.78678557552505,1.5325110662092385,0.01,True
1299,59358.4349769,1055.0677363317009,g,g,4333.342228571429,4333.342228571429,6.25331190344689e-17,-0.2953542292282574,6.25331190344689e-19,0.01,19.992660082386454,0.7383855730706408,0.01,True
1300,59358.4462036998,1055.0789631315056,g,g,4333.342228571429,4333.342228571429,6.261806756640106e-17,-0.2947646593594957,6.261806756640106e-19,0.01,19.991186157714555,0.7369116483987419,0.01,True
1301,59359.446261600126,1056.07902103183,g,g,4180.780293877551,4180.780293877551,6.714035679951382e-17,-0.26448067538153985,6.714035679951382e-19,0.01,19.915476197769664,0.6612016884538505,0.01,True
1302,59361.32170139998,1057.9544608316864,g,g,4195.842228571429,4195.842228571429,4.9012339714711533e-17,-0.40115888520655396,4.901233971471153e-19,0.01,20.257171722332203,1.0028972130163893,0.01,True
1303,59363.270949100144,1059.9037085318487,g,g,4366.873551020408,4366.873551020408,3.363374370067551e-17,-0.5646891098389961,3.363374370067551e-19,0.01,20.665997283913303,1.4117227745974894,0.01,True
1304,59365.30269679986,1061.9354562315639,g,g,4180.780293877551,4180.780293877551,2.3557489251139707e-17,-0.7193353186123641,2.355748925113971e-19,0.01,21.052612805846728,1.7983382965309147,0.01,True
1305,59365.303657399956,1061.9364168316606,g,g,4180.780293877551,4180.780293877551,2.1196154610911633e-17,-0.7652072415178157,2.1196154610911633e-19,0.01,21.16729261311035,1.9130181037945384,0.01,True
1306,59367.2870139,1063.919773331705,g,g,4830.0,4830.0,2.135190908019891e-17,-0.7620276087529287,2.135190908019891e-19,0.01,21.15934353119814,1.9050690218823263,0.01,True
1307,59369.361817100085,1065.9945765317898,g,g,4366.873551020408,4366.873551020408,1.9685933455089525e-17,-0.7973083075274143,1.9685933455089526e-19,0.01,21.24754527813435,1.9932707688185367,0.01,True
1308,59371.38517360017,1068.0179330318715,g,g,4764.327987755102,4764.327987755102,2.1678644759746762e-17,-0.7554321914419209,2.1678644759746761e-19,0.01,21.14285498792062,1.8885804786048084,0.01,True
1309,59374.24386569997,1070.8766251316774,g,g,4160.949726530613,4160.949726530613,2.3048229765195577e-17,-0.7288267455153186,2.3048229765195577e-19,0.01,21.076341373104114,1.8220668637883009,0.01,True
1310,59376.34156250022,1072.974321931928,g,g,4333.342228571429,4333.342228571429,2.0326421162994296e-17,-0.783403400333933,2.0326421162994297e-19,0.01,21.212783010150645,1.9585085008348315,0.01,True
1311,59378.22182870004,1074.8545881317477,g,g,4830.0,4830.0,2.347175048761408e-17,-0.7209188404104889,2.347175048761408e-19,0.01,21.05657161034204,1.8022971010262268,0.01,True
1312,59380.28119210014,1076.9139515318457,g,g,4195.842228571429,4195.842228571429,4.6502759518233327e-17,-0.4239855951371947,4.650275951823333e-19,0.01,20.314238497158804,1.0599639878429912,0.01,True
1313,59382.309432900045,1078.9421923317495,g,g,4333.342228571429,4333.342228571429,2.9933201270859797e-17,-0.6153111543564318,2.9933201270859795e-19,0.01,20.792552395206897,1.538277885891084,0.01,True
1314,59384.23775460012,1080.870514031827,g,g,4180.780293877551,4180.780293877551,6.961759477610556e-16,0.7512546944905676,6.961759477610556e-18,0.01,17.376137773089397,-1.8781367362264163,0.01,True
1315,59385.32906250004,1081.9618219317417,g,g,4195.842228571429,4195.842228571429,5.562319323574274e-17,-0.3462084028684007,5.562319323574275e-19,0.01,20.119795516486814,0.8655210071710009,0.01,True
1316,59386.34445599979,1082.9772154314924,g,g,4228.183710204082,4228.183710204082,5.25426263275521e-17,-0.37095254316868953,5.25426263275521e-19,0.01,20.181655867237538,0.9273813579217247,0.01,True
1317,59387.34371529985,1083.9764747315567,g,g,4764.327987755102,4764.327987755102,1.1972546301736642e-16,-0.013277794965697254,1.1972546301736641e-18,0.01,19.287468996730055,0.033194487414242246,0.01,True
1318,59390.23932870012,1086.8720881318222,g,g,4228.183710204082,4228.183710204082,5.58108071560039e-17,-0.34474601675645467,5.581080715600389e-19,0.01,20.11613955120695,0.8618650418911358,0.01,True
1319,59391.22591440007,1087.8586738317754,g,g,4180.780293877551,4180.780293877551,5.05531352605528e-17,-0.3877162249214674,5.05531352605528e-19,0.01,20.223565071619486,0.9692905623036729,0.01,True
1320,59392.24656250002,1088.879321931723,g,g,4333.342228571429,4333.342228571429,3.7393273997321907e-17,-0.5186708284301549,3.739327399732191e-19,0.01,20.550951580391207,1.2966770710753934,0.01,True
1321,59393.25984949991,1089.8926089316155,g,g,4366.873551020408,4366.873551020408,2.679236284266419e-17,-0.6634533041222337,2.679236284266419e-19,0.01,20.9129077696214,1.658633260305585,0.01,True
1322,59394.22084489977,1090.8536043314743,g,g,4180.780293877551,4180.780293877551,2.4749924582532266e-17,-0.6978904403435475,2.474992458253227e-19,0.01,20.999000610174686,1.7447261008588733,0.01,True
1323,59395.260578699876,1091.89333813158,g,g,4830.0,4830.0,4.335737677902984e-17,-0.45440132173121306,4.335737677902984e-19,0.01,20.39027781364385,1.1360033043280353,0.01,True
1324,59396.26428239979,1092.897041831493,g,g,4195.842228571429,4195.842228571429,2.4835152928531675e-17,-0.6963974816277965,2.4835152928531677e-19,0.01,20.99526821338531,1.7409937040694956,0.01,True
1325,59397.25907409983,1093.891833531532,g,g,4764.327987755102,4764.327987755102,2.6460531155131346e-17,-0.668865762498152,2.6460531155131347e-19,0.01,20.9264389155612,1.6721644062453862,0.01,True
1326,59399.26428239979,1095.897041831493,g,g,4366.873551020408,4366.873551020408,2.2307498515586268e-17,-0.7430134474831593,2.230749851558627e-19,0.01,21.111808128023718,1.8575336187079046,0.01,True
1327,59400.30356479995,1096.936324231654,g,g,4180.780293877551,4180.780293877551,3.060627731343525e-17,-0.605653811309379,3.0606277313435252e-19,0.01,20.768409037589265,1.514134528273452,0.01,True
1328,59401.245243099984,1097.8780025316883,g,g,4195.842228571429,4195.842228571429,2.9227429938622785e-17,-0.6256736921080179,2.9227429938622784e-19,0.01,20.818458739585864,1.564184230270051,0.01,True
1329,59402.310023100115,1098.9427825318198,g,g,4333.342228571429,4333.342228571429,2.555817561712216e-17,-0.6839344702740267,2.555817561712216e-19,0.01,20.964110685000882,1.7098361756850693,0.01,True
1330,59403.282326399814,1099.9150858315188,g,g,4366.873551020408,4366.873551020408,2.4914915419464233e-17,-0.6950049030643601,2.4914915419464233e-19,0.01,20.991786766976716,1.737512257660903,0.01,True
1331,59404.32465279987,1100.9574122315753,g,g,4195.842228571429,4195.842228571429,3.225445418212852e-17,-0.5828746231884825,3.225445418212852e-19,0.01,20.711461067287026,1.4571865579712124,0.01,True
1332,59405.21917819977,1101.8519376314725,g,g,4830.0,4830.0,2.3180244955969353e-17,-0.7263462992068401,2.318024495596935e-19,0.01,21.070140257332913,1.8158657480170994,0.01,True
1333,59406.1981366002,1102.8308960319046,g,g,4333.342228571429,4333.342228571429,2.6251170323032208e-17,-0.6723156504615577,2.6251170323032207e-19,0.01,20.935063635469714,1.6807891261539005,0.01,True
1334,59407.239490699954,1103.8722501316588,g,g,4764.327987755102,4764.327987755102,2.7687762230127747e-17,-0.6491764634626467,2.7687762230127746e-19,0.01,20.87721566797243,1.6229411586566158,0.01,True
1335,59408.200081000105,1104.832840431809,g,g,4195.842228571429,4195.842228571429,3.0441568916840244e-17,-0.6079972886226752,3.0441568916840243e-19,0.01,20.774267730872502,1.519993221556689,0.01,True
1336,59409.220000000205,1105.8527594319094,g,g,4366.873551020408,4366.873551020408,2.5342519258897706e-17,-0.6876145350355767,2.5342519258897706e-19,0.01,20.97331084690476,1.7190363375889461,0.01,True
1337,59410.20285880007,1106.835618231773,g,g,4180.780293877551,4180.780293877551,2.8891791136180884e-17,-0.6306898536331058,2.8891791136180883e-19,0.01,20.830999143398582,1.576724634082769,0.01,True
1338,59411.19853009982,1107.8312895315248,g,g,4195.842228571429,4195.842228571429,4.0943687075854865e-17,-0.4792773709090685,4.0943687075854867e-19,0.01,20.45246793658849,1.1981934272726775,0.01,True
1339,59414.25626160018,1110.889021031886,g,g,4333.342228571429,4333.342228571429,4.4879585826821215e-17,-0.4394154798804397,4.487958582682121e-19,0.01,20.35281320901692,1.0985386997011055,0.01,True
1340,59419.34956019977,1115.9823196314755,g,g,4195.842228571429,4195.842228571429,3.1034389921231673e-16,0.4003788921363718,3.1034389921231674e-18,0.01,18.253327278974886,-1.0009472303409268,0.01,True
1341,59423.34932869999,1119.9820881316919,g,g,4195.842228571429,4195.842228571429,6.662623149720382e-17,-0.2678190707775929,6.662623149720382e-19,0.01,19.923822186259798,0.669547676943985,0.01,True
1342,59425.242905099876,1121.8756645315807,g,g,4764.327987755102,4764.327987755102,2.889444102390151e-17,-0.6306500229823602,2.889444102390151e-19,0.01,20.83089956677172,1.5766250574559066,0.01,True
1343,59427.259606500156,1123.8923659318607,g,g,4195.842228571429,4195.842228571429,2.8792297674756795e-17,-0.6321879965359809,2.8792297674756794e-19,0.01,20.834744500655766,1.5804699913399531,0.01,True
1344,59429.30180560006,1125.9345650317628,g,g,4180.780293877551,4180.780293877551,2.919887315520644e-17,-0.6260982287906263,2.919887315520644e-19,0.01,20.819520081292378,1.5652455719765648,0.01,True
1345,59434.22275459999,1130.8555140316967,g,g,4195.842228571429,4195.842228571429,2.4459787506245537e-17,-0.7030116404469471,2.4459787506245537e-19,0.01,21.011803610433184,1.7575291011173704,0.01,True
1346,59435.1951156999,1131.827875131603,g,g,4366.873551020408,4366.873551020408,2.3112705998998432e-17,-0.7276135252761247,2.311270599899843e-19,0.01,21.07330832250613,1.819033813190316,0.01,True
1347,59436.241215299815,1132.8739747315194,g,g,4333.342228571429,4333.342228571429,2.729438027215333e-17,-0.6553910822864015,2.729438027215333e-19,0.01,20.892752215031816,1.638477705716003,0.01,True
1348,59436.24216439994,1132.874923831645,g,g,4333.342228571429,4333.342228571429,2.8465626899421126e-17,-0.6371435675075272,2.8465626899421126e-19,0.01,20.847133428084632,1.592858918768819,0.01,True
1349,59438.20785879996,1134.8406182316612,g,g,4366.873551020408,4366.873551020408,2.817083005236298e-17,-0.6416646765982588,2.817083005236298e-19,0.01,20.85843620081146,1.6041616914956478,0.01,True
1350,59439.26418979978,1135.8969492314864,g,g,4195.842228571429,4195.842228571429,5.3017357744638035e-17,-0.3670462404795618,5.301735774463804e-19,0.01,20.171890110514717,0.9176156011989036,0.01,True
1351,59439.26512729982,1135.8978867315236,g,g,4195.842228571429,4195.842228571429,4.84547126348055e-17,-0.40612829795184346,4.84547126348055e-19,0.01,20.269595254195423,1.0153207448796095,0.01,True
1352,59440.20093750022,1136.833696931928,g,g,4180.780293877551,4180.780293877551,3.5454289135129363e-17,-0.5417955381264061,3.5454289135129365e-19,0.01,20.608763354631833,1.3544888453160198,0.01,True
1353,59441.2250926001,1137.8578520318042,g,g,4195.842228571429,4195.842228571429,4.126715202014232e-17,-0.47585982239943725,4.126715202014232e-19,0.01,20.443924065314413,1.1896495559985993,0.01,True
1354,59443.17557869991,1139.8083381316173,g,g,4366.873551020408,4366.873551020408,5.2400694534489787e-17,-0.3721272769508932,5.240069453448979e-19,0.01,20.184592701693052,0.9303181923772392,0.01,True
1355,59446.28630790021,1142.9190673319172,g,g,4228.183710204082,4228.183710204082,1.0280971687715107e-16,-0.0794301570738174,1.0280971687715106e-18,0.01,19.452849902000356,0.1985753926845426,0.01,True
1356,59446.2886806,1142.9214400317069,g,g,4228.183710204082,4228.183710204082,1.04056047911917e-16,-0.07419699303737204,1.0405604791191701e-18,0.01,19.439766991909245,0.18549248259343187,0.01,True
1357,59448.1822106,1144.814970031708,g,g,4333.342228571429,4333.342228571429,7.57231463329062e-17,-0.21223566943196026,7.572314633290621e-19,0.01,19.78486368289571,0.530589173579898,0.01,True
1358,59449.20115739992,1145.8339168316234,g,g,4195.842228571429,4195.842228571429,7.190568244258577e-17,-0.23470110780131215,7.190568244258578e-19,0.01,19.841027278819098,0.5867527695032848,0.01,True
1359,59449.202094899956,1145.8348543316606,g,g,4195.842228571429,4195.842228571429,6.580195636150727e-17,-0.2732255144032987,6.580195636150728e-19,0.01,19.937338295324057,0.683063786008244,0.01,True
1360,59450.20002309978,1146.8327825314846,g,g,4195.842228571429,4195.842228571429,7.439002998695083e-17,-0.2199495864673775,7.439002998695083e-19,0.01,19.804148475484254,0.5498739661684411,0.01,True
1361,59451.20171299996,1147.834472431663,g,g,4195.842228571429,4195.842228571429,5.242436498473729e-17,-0.3719311416727731,5.242436498473729e-19,0.01,20.18410236349775,0.9298278541819371,0.01,True
1362,59451.203298599925,1147.8360580316294,g,g,4195.842228571429,4195.842228571429,6.193922209288508e-17,-0.29949857357832066,6.193922209288508e-19,0.01,20.003020943261614,0.7487464339458008,0.01,True
1363,59452.28143520001,1148.9141946317177,g,g,4228.183710204082,4228.183710204082,6.540007094616772e-17,-0.27588610079351206,6.540007094616772e-19,0.01,19.943989761299598,0.6897152519837846,0.01,True
1364,59453.19332179986,1149.8260812315639,g,g,4195.842228571429,4195.842228571429,2.6337877227810185e-17,-0.6708835513396441,2.6337877227810185e-19,0.01,20.931483387664922,1.6772088783491093,0.01,True
1365,59453.194282399956,1149.8270418316606,g,g,4195.842228571429,4195.842228571429,2.7708498900129765e-17,-0.6488513215995741,2.7708498900129764e-19,0.01,20.876402813314748,1.6221283039989345,0.01,True
1366,59454.20081020007,1150.8335696317736,g,g,4195.842228571429,4195.842228571429,2.690972793318058e-17,-0.6615550133259216,2.690972793318058e-19,0.01,20.908162042630618,1.6538875333148049,0.01,True
1367,59455.200705999974,1151.8334654316786,g,g,4195.842228571429,4195.842228571429,2.6900422386154452e-17,-0.6617052209629879,2.6900422386154454e-19,0.01,20.908537561723282,1.6542630524074688,0.01,True
1368,59455.202604200225,1151.8353636319298,g,g,4195.842228571429,4195.842228571429,2.5790088318911512e-17,-0.6800114908471873,2.5790088318911512e-19,0.01,20.954303236433788,1.7000287271179744,0.01,True
1369,59457.226412000135,1153.859171431839,g,g,4830.0,4830.0,3.5131396736023186e-17,-0.5457689036496536,3.513139673602319e-19,0.01,20.61869676843995,1.3644222591241366,0.01,True
1370,59459.181041699834,1155.8138011315386,g,g,4366.873551020408,4366.873551020408,2.6578143094484854e-17,-0.6669396849439675,2.6578143094484853e-19,0.01,20.921623721675736,1.6673492123599232,0.01,True
1371,59460.2592823999,1156.8920418316047,g,g,4366.873551020408,4366.873551020408,3.651896301540926e-17,-0.5289458833368368,3.6518963015409264e-19,0.01,20.576639217657906,1.3223647083420929,0.01,True
1372,59460.260231500026,1156.8929909317303,g,g,4366.873551020408,4366.873551020408,3.807044409461435e-17,-0.5108763773198763,3.807044409461435e-19,0.01,20.531465452615507,1.2771909432996935,0.01,True
1373,59461.20104169985,1157.8338011315573,g,g,4366.873551020408,4366.873551020408,3.4050598792149303e-17,-0.5593395666996361,3.4050598792149304e-19,0.01,20.652623426064906,1.398348916749093,0.01,True
1374,59462.18141200021,1158.8141714319136,g,g,4366.873551020408,4366.873551020408,2.6480947915557614e-17,-0.6685307931324811,2.6480947915557616e-19,0.01,20.925601492147017,1.6713269828312036,0.01,True
1375,59464.16318289982,1160.795942331526,g,g,4195.842228571429,4195.842228571429,2.5923019331645255e-17,-0.6777787365191426,2.5923019331645257e-19,0.01,20.948721350613674,1.6944468412978608,0.01,True
1376,59466.22165510012,1162.8544145318228,g,g,4180.780293877551,4180.780293877551,3.9552964738375636e-17,-0.4942852781411258,3.9552964738375636e-19,0.01,20.48998770466863,1.2357131953528153,0.01,True
1377,59468.15534720011,1164.788106631815,g,g,4195.842228571429,4195.842228571429,3.014277138372256e-17,-0.6122811405669335,3.0142771383722565e-19,0.01,20.78497736073315,1.5307028514173382,0.01,True
1378,59470.19988430012,1166.8326437318246,g,g,4195.842228571429,4195.842228571429,3.603066930897342e-17,-0.5347919905507279,3.603066930897342e-19,0.01,20.591254485692637,1.3369799763768242,0.01,True
1379,59473.20317129977,1169.835930731475,g,g,4764.327987755102,4764.327987755102,4.765419375648554e-17,-0.4133631939630522,4.765419375648554e-19,0.01,20.287682494223446,1.0334079849076332,0.01,True
1380,59476.216828700155,1172.8495881318595,g,g,4195.842228571429,4195.842228571429,1.2804436778443066e-16,0.01589615991570348,1.2804436778443066e-18,0.01,19.214534109526554,-0.039740399789259584,0.01,True
1381,59478.16244209977,1174.7952015314731,g,g,4366.873551020408,4366.873551020408,8.06726533181961e-17,-0.18473797914736245,8.067265331819611e-19,0.01,19.716119457184224,0.46184494786841057,0.01,True
1382,59480.155856499914,1176.7886159316186,g,g,4366.873551020408,4366.873551020408,5.046171633685459e-17,-0.38850230230148064,5.046171633685458e-19,0.01,20.225530265069516,0.9712557557537025,0.01,True
1383,59484.18090280006,1180.8136622317616,g,g,4228.183710204082,4228.183710204082,2.7849174447117275e-17,-0.6466519946414326,2.7849174447117276e-19,0.01,20.870904495919394,1.6166299866035807,0.01,True
1384,59486.13535880018,1182.7681182318847,g,g,4228.183710204082,4228.183710204082,3.49917517635563e-17,-0.5474986354839064,3.49917517635563e-19,0.01,20.623021098025585,1.3687465887097723,0.01,True
1385,59488.143622700125,1184.7763821318295,g,g,4830.0,4830.0,3.173702078194393e-17,-0.5898981640072645,3.1737020781943934e-19,0.01,20.72901991933398,1.4747454100181656,0.01,True
1386,59491.139374999795,1187.7721344314996,g,g,4195.842228571429,4195.842228571429,3.414140904441049e-17,-0.5581828793979522,3.414140904441049e-19,0.01,20.649731707810698,1.395457198494885,0.01,True
1387,59600.43109950004,1297.063858931746,g,g,4195.842228571429,4195.842228571429,5.890782844179144e-17,-0.321291306895235,5.890782844179145e-19,0.01,20.057502776553907,0.8032282672380937,0.01,True
1388,59623.53207179997,1320.1648312316756,g,g,4333.342228571429,4333.342228571429,3.2044148856679864e-17,-0.5857155797174745,3.2044148856679865e-19,0.01,20.718563458609506,1.4642889492936924,0.01,True
1389,59625.37059029983,1322.003349731538,g,g,4333.342228571429,4333.342228571429,8.804864574554257e-17,-0.14674163966324194,8.804864574554257e-19,0.01,19.621128608473917,0.36685409915810396,0.01,True
1390,59628.38976849988,1325.0225279315855,g,g,4195.842228571429,4195.842228571429,8.04521126011761e-17,-0.1859268674688419,8.04521126011761e-19,0.01,19.719091677987915,0.4648171686721021,0.01,True
1391,59630.44965279987,1327.0824122315753,g,g,4195.842228571429,4195.842228571429,4.062861921233289e-17,-0.48263225741958315,4.062861921233289e-19,0.01,20.46085515286477,1.206580643548957,0.01,True
1392,59637.485451399814,1334.1182108315188,g,g,4333.342228571429,4333.342228571429,3.0153348398272217e-17,-0.6121287745733124,3.0153348398272215e-19,0.01,20.7845964457491,1.5303219364332854,0.01,True
1393,59639.38646990014,1336.0192293318469,g,g,4965.483179591837,4965.483179591837,3.6950274167306447e-17,-0.5238466550777847,3.6950274167306445e-19,0.01,20.563891147010274,1.309616637694461,0.01,True
1394,59641.39127309993,1338.0240325316336,g,g,4228.183710204082,4228.183710204082,2.2762154844776104e-17,-0.7342509468378875,2.2762154844776105e-19,0.01,21.089901876410533,1.8356273670947196,0.01,True
1395,59673.344722200185,1369.9774816318895,g,g,4180.780293877551,4180.780293877551,2.4571955186381982e-17,-0.7010246056472358,2.457195518638198e-19,0.01,21.0068360234339,1.7525615141180886,0.01,True
1396,59675.384398099966,1372.0171575316708,g,g,5393.061485714286,5393.061485714286,2.220523521942598e-17,-0.7450089422386501,2.220523521942598e-19,0.01,21.116796864912445,1.8625223555966315,0.01,True
1397,59677.32543980004,1373.9581992317471,g,g,4333.342228571429,4333.342228571429,3.9061420937599295e-17,-0.4997162826690431,3.90614209375993e-19,0.01,20.50356521598842,1.2492907066726069,0.01,True
1398,59679.300486099906,1375.9332455316107,g,g,4830.0,4830.0,3.441652517893861e-17,-0.554697300031572,3.441652517893861e-19,0.01,20.641017759394742,1.3867432500789292,0.01,True
1399,59683.30467589991,1379.9374353316161,g,g,4830.0,4830.0,5.306482044054089e-17,-0.36665762122880885,5.306482044054089e-19,0.01,20.170918562387836,0.916644053072023,0.01,True
1400,59685.385810200125,1382.0185696318295,g,g,4366.873551020408,4366.873551020408,1.1927667493021716e-16,-0.014908796433257265,1.1927667493021716e-18,0.01,19.291546500398958,0.03727199108314494,0.01,True
1401,59688.403830999974,1385.0365904316786,g,g,4366.873551020408,4366.873551020408,4.563643148082479e-16,0.5678473573803995,4.563643148082479e-18,0.01,17.834656115864817,-1.419618393450996,0.01,True
1402,59693.42693290021,1390.0596923319172,g,g,4180.780293877551,4180.780293877551,2.823075978361665e-17,-0.6407417536290243,2.8230759783616653e-19,0.01,20.856128893388373,1.6018543840725599,0.01,True
1403,59695.363286999986,1391.99604643169,g,g,4160.949726530613,4160.949726530613,3.5252471364047733e-17,-0.5442747517613231,3.5252471364047735e-19,0.01,20.614961388719124,1.3606868794033105,0.01,True
1404,59697.424328700174,1394.0570881318781,g,g,4830.0,4830.0,1.8222080367512443e-17,-0.8308663625030679,1.8222080367512443e-19,0.01,21.33144041557349,2.077165906257676,0.01,True
1405,59700.344502300024,1396.9772617317285,g,g,4366.873551020408,4366.873551020408,2.6647177019761445e-17,-0.665813113246168,2.6647177019761445e-19,0.01,20.918807292431232,1.664532783115419,0.01,True
1406,59702.307384300046,1398.9401437317501,g,g,4366.873551020408,4366.873551020408,2.212496058890781e-17,-0.746581814478068,2.212496058890781e-19,0.01,21.120729045510984,1.866454536195171,0.01,True
1407,59710.19737270009,1406.8301321317922,g,g,4366.873551020408,4366.873551020408,6.24902910162848e-17,-0.29565177306725765,6.24902910162848e-19,0.01,19.993403941983956,0.7391294326681432,0.01,True
1408,59710.29946759995,1406.9322270316552,g,g,4366.873551020408,4366.873551020408,5.236043667261938e-17,-0.3724610604433547,5.236043667261938e-19,0.01,20.1854271604242,0.9311526511083876,0.01,True
1409,59710.35121530015,1406.9839747318547,g,g,4366.873551020408,4366.873551020408,5.26816650167107e-17,-0.36980482775347134,5.26816650167107e-19,0.01,20.17878657869949,0.9245120693836775,0.01,True
1410,59710.446840300225,1407.0795997319292,g,g,4366.873551020408,4366.873551020408,3.30166132120265e-17,-0.5727317982188946,3.30166132120265e-19,0.01,20.686104004863054,1.431829495547241,0.01,True
1411,59711.200555600226,1407.8333150319304,g,g,4859.134820408163,4859.134820408163,4.835917043356448e-17,-0.40698547799551044,4.835917043356448e-19,0.01,20.27173820430459,1.017463694988777,0.01,True
1412,59711.41001159977,1408.0427710314761,g,g,4859.134820408163,4859.134820408163,6.332825414500405e-17,-0.2898668048284687,6.332825414500405e-19,0.01,19.978941521386982,0.7246670120711691,0.01,True
1413,59712.24781250022,1408.880571931928,g,g,4764.327987755102,4764.327987755102,4.721984223331257e-17,-0.417339788522332,4.721984223331257e-19,0.01,20.297623980621644,1.0433494713058309,0.01,True
1414,59712.451539400034,1409.0842988317381,g,g,4764.327987755102,4764.327987755102,4.263211102267413e-17,-0.4617274820164763,4.263211102267413e-19,0.01,20.408593214357005,1.1543187050411916,0.01,True
1415,59712.45251160022,1409.0852710319232,g,g,4764.327987755102,4764.327987755102,4.253527302767203e-17,-0.4627150954194459,4.2535273027672027e-19,0.01,20.41106224786443,1.1567877385486156,0.01,True
1416,59713.187048600055,1409.8198080317597,g,g,4333.342228571429,4333.342228571429,6.600575348178208e-17,-0.2718825271774552,6.600575348178208e-19,0.01,19.933980827259454,0.6797063179436407,0.01,True
1417,59713.4540161998,1410.0867756315056,g,g,4333.342228571429,4333.342228571429,5.821686576004289e-17,-0.3264154997601043,5.821686576004289e-19,0.01,20.07031325871608,0.816038749400267,0.01,True
1418,59714.24937500013,1410.8821344318349,g,g,4195.842228571429,4195.842228571429,6.369764793018975e-17,-0.2873409241670526,6.369764793018975e-19,0.01,19.97262681973345,0.7183523104176359,0.01,True
1419,59714.449803200085,1411.0825626317892,g,g,4195.842228571429,4195.842228571429,6.808400344955915e-17,-0.2584192351962482,6.808400344955915e-19,0.01,19.90032259730643,0.6460480879906179,0.01,True
1420,59715.22686340008,1411.8596228317838,g,g,4830.0,4830.0,3.202332579682086e-17,-0.5859978864686131,3.2023325796820863e-19,0.01,20.719269225487352,1.4649947161715389,0.01,True
1421,59717.32490740018,1413.9576668318841,g,g,4333.342228571429,4333.342228571429,5.2482992175681226e-17,-0.37144573304450823,5.248299217568122e-19,0.01,20.182888841927088,0.928614332611275,0.01,True
1422,59722.308877300005,1418.9416367317099,g,g,4830.0,4830.0,2.8282010431095354e-17,-0.6399540421290784,2.8282010431095353e-19,0.01,20.85415961463851,1.5998851053226986,0.01,True
1423,59722.346215299796,1418.9789747315008,g,g,4830.0,4830.0,2.515277985179395e-17,-0.6908783305485269,2.5152779851793953e-19,0.01,20.98147033568713,1.727195826371318,0.01,True
1424,59722.36135420017,1418.994113631874,g,g,4830.0,4830.0,2.5504424405712577e-17,-0.6848487935996186,2.5504424405712577e-19,0.01,20.96639649331486,1.7121219839990474,0.01,True
1425,59722.406018500216,1419.0387779319208,g,g,4830.0,4830.0,2.5022043893017906e-17,-0.6931415386572066,2.5022043893017908e-19,0.01,20.98712835595883,1.7328538466430174,0.01,True
1426,59722.406967599876,1419.0397270315807,g,g,4830.0,4830.0,2.6453977816308567e-17,-0.6689733352209704,2.645397781630857e-19,0.01,20.92670784736824,1.6724333380524286,0.01,True
1427,59722.4510764,1419.083835831705,g,g,4830.0,4830.0,2.797546238995353e-17,-0.644687046784215,2.7975462389953533e-19,0.01,20.865992126276353,1.61171761696054,0.01,True
1428,59722.45201390004,1419.0847733317423,g,g,4830.0,4830.0,2.92705233589916e-17,-0.625033832523096,2.92705233589916e-19,0.01,20.816859090623552,1.562584581307739,0.01,True
1429,59723.268946799915,1419.9017062316198,g,g,4830.0,4830.0,2.1498559142705743e-17,-0.7590549662490584,2.1498559142705743e-19,0.01,21.151911924938464,1.8976374156226505,0.01,True
1430,59723.36642359989,1419.999183031592,g,g,4830.0,4830.0,2.5273911655123706e-17,-0.6887918571598295,2.5273911655123704e-19,0.01,20.97625415221539,1.7219796428995764,0.01,True
1431,59724.35010420019,1420.9828636318925,g,g,4879.967518367347,4879.967518367347,2.18790710551292e-17,-0.7514354415290523,2.18790710551292e-19,0.01,21.132863113138445,1.8785886038226316,0.01,True
1432,59724.365544000175,1420.9983034318793,g,g,4879.967518367347,4879.967518367347,2.395507268640342e-17,-0.7120668272744997,2.3955072686403424e-19,0.01,21.034441577502065,1.7801670681862518,0.01,True
1433,59724.448032400105,1421.0807918318096,g,g,4879.967518367347,4879.967518367347,2.502273706482878e-17,-0.693129507804569,2.502273706482878e-19,0.01,20.987098278827236,1.7328237695114233,0.01,True
1434,59725.30614579981,1421.9389052315164,g,g,4228.183710204082,4228.183710204082,2.3841058542718215e-17,-0.7141387860756598,2.3841058542718214e-19,0.01,21.039621474504965,1.7853469651891523,0.01,True
1435,59725.34451390011,1421.9772733318168,g,g,4228.183710204082,4228.183710204082,2.2767176600332787e-17,-0.7341551439491827,2.276717660033279e-19,0.01,21.089662369188776,1.835387859872963,0.01,True
1436,59726.2802893999,1422.9130488316077,g,g,4881.037526530612,4881.037526530612,1.8555637614692795e-17,-0.8229884379361696,1.8555637614692796e-19,0.01,21.311745604156236,2.057471094840423,0.01,True
1437,59726.3210880002,1422.9538474319052,g,g,4881.037526530612,4881.037526530612,2.009695695788776e-17,-0.7883340178684879,2.009695695788776e-19,0.01,21.225109553987032,1.9708350446712188,0.01,True
1438,59727.28506939998,1423.9178288316834,g,g,4195.842228571429,4195.842228571429,4.27077316906154e-17,-0.46095781461714047,4.27077316906154e-19,0.01,20.406669045858663,1.1523945365428503,0.01,True
1439,59727.367881900165,1424.0006413318697,g,g,4195.842228571429,4195.842228571429,6.07378601024371e-17,-0.30800483331934636,6.073786010243709e-19,0.01,20.02428659261418,0.7700120832983686,0.01,True
1440,59729.39069439983,1426.0234538315344,g,g,4333.342228571429,4333.342228571429,3.489680147107055e-17,-0.548678697498195,3.4896801471070556e-19,0.01,20.6259712530613,1.3716967437454883,0.01,True
1441,59729.4066319,1426.039391331702,g,g,4333.342228571429,4333.342228571429,3.3722834713120776e-17,-0.5635402463258306,3.372283471312078e-19,0.01,20.663125125130392,1.408850615814579,0.01,True
1442,59729.40769679984,1426.0404562315452,g,g,4333.342228571429,4333.342228571429,3.3734828252606684e-17,-0.5633858167816381,3.373482825260668e-19,0.01,20.66273905126991,1.4084645419540962,0.01,True
1443,59730.32348380005,1426.9562432317543,g,g,4764.327987755102,4764.327987755102,2.5053161412757307e-17,-0.692601783751746,2.5053161412757306e-19,0.01,20.98577896869518,1.7315044593793658,0.01,True
1444,59730.38393520005,1427.016694631755,g,g,4764.327987755102,4764.327987755102,2.199736639599808e-17,-0.7490936316082699,2.199736639599808e-19,0.01,21.127008588336487,1.872734079020674,0.01,True
1445,59732.28096059989,1428.9137200315963,g,g,4366.873551020408,4366.873551020408,2.321858396566656e-17,-0.7256285903969601,2.321858396566656e-19,0.01,21.06834598530822,1.8140714759924066,0.01,True
1446,59734.30414350005,1430.9369029317531,g,g,5393.061485714286,5393.061485714286,2.265024380441101e-17,-0.7363914391759518,2.265024380441101e-19,0.01,21.095253107255697,1.840978597939884,0.01,True
1447,59736.242337999865,1432.8750974315699,g,g,4830.0,4830.0,3.194880264244587e-17,-0.5870097336636082,3.194880264244587e-19,0.01,20.72179884347484,1.4675243341590267,0.01,True
1448,59736.30250000022,1432.935259431928,g,g,4830.0,4830.0,2.217444144203468e-17,-0.7456116311607115,2.2174441442034682e-19,0.01,21.118303587217596,1.8640290779017832,0.01,True
1449,59736.4519675998,1433.0847270315062,g,g,4830.0,4830.0,2.4766800399180973e-17,-0.6975944161483039,2.476680039918097e-19,0.01,20.998260549686577,1.743986040370764,0.01,True
1450,59737.19819439994,1433.8309538316462,g,g,4333.342228571429,4333.342228571429,2.9104144491718184e-17,-0.6275094823995406,2.910414449171818e-19,0.01,20.82304821531467,1.5687737059988578,0.01,True
1451,59737.32353009982,1433.9562895315248,g,g,4333.342228571429,4333.342228571429,2.348040737028232e-17,-0.7207586928650986,2.348040737028232e-19,0.01,21.05617124147856,1.8018967321627457,0.01,True
1452,59738.22086809995,1434.853627531651,g,g,4366.873551020408,4366.873551020408,3.8048003070866533e-17,-0.5111324522511769,3.8048003070866533e-19,0.01,20.53210563994376,1.2778311306279484,0.01,True
1453,59738.386157399975,1435.0189168316792,g,g,4366.873551020408,4366.873551020408,2.5949443095129517e-17,-0.677336278416016,2.594944309512952e-19,0.01,20.94761520535586,1.6933406960400461,0.01,True
1454,59738.38901619986,1435.0217756315615,g,g,4366.873551020408,4366.873551020408,2.3930417329841224e-17,-0.7125140477685132,2.393041732984122e-19,0.01,21.035559628737097,1.781285119421284,0.01,True
1455,59739.2066434999,1435.8394029316041,g,g,4180.780293877551,4180.780293877551,3.211419251480919e-17,-0.5847673137351226,3.211419251480919e-19,0.01,20.716192793653626,1.4619182843378127,0.01,True
1456,59739.367303200066,1436.0000626317706,g,g,4180.780293877551,4180.780293877551,3.090694495888723e-17,-0.6014082415152782,3.0906944958887227e-19,0.01,20.75779511310401,1.5035206037881963,0.01,True
1457,59740.23496530019,1436.867724731892,g,g,4366.873551020408,4366.873551020408,4.134750531132981e-17,-0.4750150085831759,4.1347505311329815e-19,0.01,20.441812030773754,1.1875375214579407,0.01,True
1458,59740.38835649984,1437.021115931544,g,g,4366.873551020408,4366.873551020408,3.429908853024861e-17,-0.5561817410603656,3.429908853024861e-19,0.01,20.64472886196673,1.3904543526509165,0.01,True
1459,59740.407893499825,1437.0406529315296,g,g,4366.873551020408,4366.873551020408,2.830540874826175e-17,-0.6395948894849877,2.8305408748261752e-19,0.01,20.853261733028283,1.59898722371247,0.01,True
1460,59741.20318289986,1437.8359423315633,g,g,4228.183710204082,4228.183710204082,4.358079564750167e-17,-0.4521691654154498,4.358079564750167e-19,0.01,20.384697422854444,1.1304229135386308,0.01,True
1461,59741.407476900145,1438.0402363318499,g,g,4228.183710204082,4228.183710204082,4.36737598984634e-17,-0.45124373805567153,4.36737598984634e-19,0.01,20.382383854454993,1.1281093451391797,0.01,True
1462,59742.307106500026,1438.9398659317303,g,g,4180.780293877551,4180.780293877551,5.913175916645333e-17,-0.3196435208145285,5.913175916645334e-19,0.01,20.053383311352135,0.7991088020363222,0.01,True
1463,59742.42629629979,1439.0590557314936,g,g,4180.780293877551,4180.780293877551,7.100275914979493e-17,-0.24018909461784865,7.100275914979493e-19,0.01,19.854747245860437,0.6004727365446243,0.01,True
1464,59743.26593750017,1439.898696931872,g,g,4195.842228571429,4195.842228571429,6.656401176606055e-17,-0.2682248315481228,6.656401176606055e-19,0.01,19.924836588186118,0.6705620788703044,0.01,True
1465,59743.40716439998,1440.0399238316822,g,g,4195.842228571429,4195.842228571429,7.912002103954173e-17,-0.19317792616539542,7.912002103954173e-19,0.01,19.737219324729303,0.48294481541348944,0.01,True
1466,59747.2648494998,1443.8976089315038,g,g,4764.327987755102,4764.327987755102,3.2855334964854386e-17,-0.5748584209981598,3.285533496485439e-19,0.01,20.691420561811213,1.4371460524954003,0.01,True
1467,59749.30623839982,1445.938997831523,g,g,4366.873551020408,4366.873551020408,3.238034879525481e-17,-0.5811827976577408,3.238034879525481e-19,0.01,20.70723150346017,1.4529569941443583,0.01,True
1468,59751.34076389996,1447.9735233316678,g,g,4830.0,4830.0,2.7008819500771247e-17,-0.6599587177465214,2.700881950077125e-19,0.01,20.904171303682123,1.6498967943663096,0.01,True
1469,59753.28924770001,1449.9220071317177,g,g,4333.342228571429,4333.342228571429,2.21285000729017e-17,-0.7465123429227294,2.21285000729017e-19,0.01,21.12055536662264,1.8662808573068261,0.01,True
1470,59762.327106500044,1458.959865931749,g,g,4764.327987755102,4764.327987755102,2.5252099939698697e-17,-0.6891668207850739,2.5252099939698696e-19,0.01,20.977191561278502,1.722917051962689,0.01,True
1471,59764.32753469981,1460.960294131517,g,g,4195.842228571429,4195.842228571429,2.649767647768338e-17,-0.6682565269526375,2.6497676477683383e-19,0.01,20.924915826697408,1.6706413173815946,0.01,True
1472,59766.30351850018,1462.9362779318835,g,g,4366.873551020408,4366.873551020408,2.397560538193991e-17,-0.7116947383629739,2.397560538193991e-19,0.01,21.033511355223254,1.779236845907441,0.01,True
1473,59768.23855319992,1464.8713126316215,g,g,4830.0,4830.0,3.516470115193816e-17,-0.5453573893388555,3.516470115193816e-19,0.01,20.617667982662958,1.363393473347145,0.01,True
1474,59769.217499999795,1465.8502594314996,g,g,4333.342228571429,4333.342228571429,3.777873295176147e-17,-0.5142169320685515,3.777873295176147e-19,0.01,20.539816839487198,1.2855423301713849,0.01,True
1475,59769.28173610009,1465.914495531797,g,g,4333.342228571429,4333.342228571429,3.810040657525342e-17,-0.5105347101187778,3.810040657525342e-19,0.01,20.530611284612764,1.2763367752969508,0.01,True
1476,59769.32131939987,1465.9540788315717,g,g,4333.342228571429,4333.342228571429,3.610757401736168e-17,-0.533866010055549,3.610757401736168e-19,0.01,20.58893953445469,1.3346650251388752,0.01,True
1477,59770.24159719981,1466.874356631517,g,g,4830.0,4830.0,3.947476245995085e-17,-0.49514479492800056,3.9474762459950847e-19,0.01,20.49213649663582,1.2378619873200059,0.01,True
1478,59771.20039349981,1467.833152931511,g,g,4228.183710204082,4228.183710204082,4.4433375820409663e-17,-0.4437550102761936,4.443337582040966e-19,0.01,20.3636620350063,1.1093875256904866,0.01,True
1479,59771.291481500026,1467.9242409317303,g,g,4228.183710204082,4228.183710204082,4.7457487950808173e-17,-0.41515957409703397,4.745748795080817e-19,0.01,20.292173444558397,1.037898935242584,0.01,True
1480,59771.3427893999,1467.9755488316077,g,g,4228.183710204082,4228.183710204082,4.4226551433086e-17,-0.4457812436796136,4.4226551433086e-19,0.01,20.368727618514853,1.1144531091990402,0.01,True
1481,59780.28225689987,1476.9150163315717,g,g,4830.0,4830.0,4.657427237084126e-17,-0.4233182415967196,4.657427237084126e-19,0.01,20.312570113307615,1.0582956039918017,0.01,True
1482,59781.30009259982,1477.9328520315248,g,g,4830.0,4830.0,2.6085529235306338e-17,-0.6750646679263266,2.6085529235306337e-19,0.01,20.94193617913163,1.6876616698158173,0.01,True
1483,59782.28469910007,1478.9174585317742,g,g,4764.327987755102,4764.327987755102,2.882145083786687e-17,-0.631748481341214,2.882145083786687e-19,0.01,20.83364571266885,1.5793712033530376,0.01,True
1484,59784.241516199894,1480.8742756315987,g,g,4366.873551020408,4366.873551020408,2.4320694413712164e-17,-0.7054883493229571,2.4320694413712164e-19,0.01,21.017995382623205,1.763720873307392,0.01,True
1485,59786.19665510021,1482.829414531916,g,g,4366.873551020408,4366.873551020408,9.654530416171666e-17,-0.10673316513262243,9.654530416171665e-19,0.01,19.521107422147374,0.2668329128315605,0.01,True
1486,59790.18837960018,1486.821139031883,g,g,4195.842228571429,4195.842228571429,3.0441003819363516e-17,-0.608005350657665,3.0441003819363516e-19,0.01,20.774287885959982,1.5200133766441688,0.01,True
1487,59792.264039400034,1488.8967988317381,g,g,4180.780293877551,4180.780293877551,4.3518915064066883e-17,-0.4527862604717878,4.351891506406688e-19,0.01,20.386240160495287,1.131965651179474,0.01,True
1488,59794.32174770022,1490.9545071319226,g,g,4195.842228571429,4195.842228571429,3.721107529271725e-17,-0.520792100181426,3.721107529271725e-19,0.01,20.55625475976938,1.3019802504535676,0.01,True
1489,59797.24312500004,1493.8758844317417,g,g,4195.842228571429,4195.842228571429,3.3462645137743826e-17,-0.566904052374527,3.3462645137743828e-19,0.01,20.671534640252137,1.4172601309363237,0.01,True
1490,59802.302118100226,1498.9348775319304,g,g,4195.842228571429,4195.842228571429,7.721703548334701e-17,-0.20375119606876346,7.721703548334701e-19,0.01,19.763652499487723,0.5093779901719095,0.01,True
1491,59805.22754629981,1501.8603057315122,g,g,4333.342228571429,4333.342228571429,8.991040899391132e-17,-0.13765434700767365,8.991040899391133e-19,0.01,19.598410376834995,0.34413586751918146,0.01,True
1492,59807.19821760012,1503.8309770318228,g,g,4228.183710204082,4228.183710204082,2.5204271032434338e-17,-0.689990179117105,2.520427103243434e-19,0.01,20.97924995710858,1.7249754477927652,0.01,True
1493,59809.24239580007,1505.8751552317772,g,g,4228.183710204082,4228.183710204082,2.85122039841872e-17,-0.6364335308111801,2.85122039841872e-19,0.01,20.845358336343764,1.5910838270279513,0.01,True
1494,59812.22059029993,1508.8533497316312,g,g,5393.061485714286,5393.061485714286,3.063957224950918e-17,-0.6051816223026183,3.063957224950918e-19,0.01,20.76722856507236,1.5129540557565484,0.01,True
1495,59816.19931709999,1512.8320765316967,g,g,4195.842228571429,4195.842228571429,3.0663107795043405e-17,-0.6048481504854362,3.0663107795043404e-19,0.01,20.766394885529408,1.5121203762135949,0.01,True
1496,59823.24769680016,1519.880456231862,g,g,4830.0,4830.0,3.8401893211139725e-17,-0.5071116846533759,3.8401893211139726e-19,0.01,20.522053720949252,1.2677792116334388,0.01,True
1497,59825.238911999855,1521.8716714315597,g,g,4333.342228571429,4333.342228571429,5.5460453082838143e-17,-0.34748090702716006,5.546045308283815e-19,0.01,20.122976776883714,0.868702267567901,0.01,True
1498,59828.19849540014,1524.8312548318427,g,g,4195.842228571429,4195.842228571429,6.309687771358456e-17,-0.2914564510976998,6.309687771358456e-19,0.01,19.98291563706006,0.7286411277442468,0.01,True
1499,59839.17160880007,1535.804368231773,g,g,4830.0,4830.0,3.256165039898063e-17,-0.578757911094522,3.256165039898063e-19,0.01,20.701169287052117,1.4468947777363041,0.01,True
1500,59841.16138890013,1537.7941483318355,g,g,4231.414367346939,4231.414367346939,3.05987716649539e-17,-0.6057603274151351,3.0598771664953903e-19,0.01,20.768675327853657,1.514400818537844,0.01,True
1501,59853.13943290012,1549.772192331824,g,g,4366.873551020408,4366.873551020408,3.2713728212258536e-17,-0.5767342790289423,3.271372821225854e-19,0.01,20.696110206888175,1.4418356975723619,0.01,True
1502,59855.17306709988,1551.805826531585,g,g,4830.0,4830.0,6.389821081130846e-17,-0.28597562242230445,6.389821081130846e-19,0.01,19.969213565371575,0.714939056055762,0.01,True
1503,59857.14232640015,1553.775085831854,g,g,4195.842228571429,4195.842228571429,7.537895824284081e-17,-0.21421418915148216,7.537895824284081e-19,0.01,19.789809982194516,0.5355354728787027,0.01,True
1504,59859.15787040023,1555.7906298319358,g,g,4830.0,4830.0,8.909047926521816e-17,-0.1416330249985105,8.909047926521815e-19,0.01,19.60835707181209,0.3540825624962771,0.01,True
1505,59864.15277779987,1560.7855372315753,g,g,4830.0,4830.0,7.804271236182677e-17,-0.19913196542267464,7.804271236182677e-19,0.01,19.7521044228725,0.4978299135566857,0.01,True
1506,59928.53787040012,1625.170629831824,g,g,4366.873551020408,4366.873551020408,5.169241737528714e-17,-0.37803747799095255,5.169241737528714e-19,0.01,20.199368204293197,0.945093694977384,0.01,True
1507,59931.53315970022,1628.1659191319268,g,g,4195.842228571429,4195.842228571429,5.146273963873922e-17,-0.37997141791828604,5.146273963873922e-19,0.01,20.204203054111534,0.9499285447957213,0.01,True
1508,59935.49734950019,1632.130108931895,g,g,4830.0,4830.0,2.928937219566029e-17,-0.62475425736468,2.928937219566029e-19,0.01,20.81616015272752,1.5618856434117063,0.01,True
1509,59937.49364579981,1634.1264052315164,g,g,4195.842228571429,4195.842228571429,3.950424688764823e-17,-0.4948205334577285,3.9504246887648236e-19,0.01,20.491325842960133,1.2370513336443203,0.01,True
1510,59953.45531249978,1650.088071931481,g,g,4830.0,4830.0,2.1336598701083727e-16,0.23766086883524196,2.1336598701083727e-18,0.01,18.66012233722771,-0.5941521720881049,0.01,True
1511,59957.5344560002,1654.1672154319022,g,g,4195.842228571429,4195.842228571429,1.1660666276575062e-16,-0.02474095404070198,1.1660666276575062e-18,0.01,19.316126894417568,0.06185238510175495,0.01,True
1512,59967.49415510008,1664.1269145317856,g,g,4195.842228571429,4195.842228571429,4.883298433902745e-17,-0.40275105402923295,4.883298433902746e-19,0.01,20.261152144388895,1.0068776350730815,0.01,True
1513,59969.51131939981,1666.1440788315158,g,g,4366.873551020408,4366.873551020408,2.437485843023905e-17,-0.7045222182566651,2.437485843023905e-19,0.01,21.015580054957482,1.7613055456416689,0.01,True
1514,59971.45361110009,1668.086370531797,g,g,4366.873551020408,4366.873551020408,4.471885196929642e-17,-0.4409736745092392,4.471885196929642e-19,0.01,20.356708695588914,1.1024341862731006,0.01,True
1515,59977.49366899999,1674.126428431693,g,g,4195.842228571429,4195.842228571429,5.4744503753362106e-17,-0.35312379690148,5.474450375336211e-19,0.01,20.137084001569512,0.8828094922536991,0.01,True
1516,59984.49152779998,1681.124287231687,g,g,4830.0,4830.0,5.606406145288419e-17,-0.3427797640511532,5.606406145288419e-19,0.01,20.111223919443695,0.8569494101278821,0.01,True
1517,59993.43728009984,1690.0700395315434,g,g,4195.842228571429,4195.842228571429,4.245166273649056e-17,-0.46356961498715954,4.245166273649056e-19,0.01,20.41319854678372,1.158924037467905,0.01,True
1518,59996.46846059989,1693.1012200315963,g,g,4195.842228571429,4195.842228571429,2.3484334064252024e-17,-0.7206860706606495,2.3484334064252024e-19,0.01,21.05598968596744,1.8017151766516264,0.01,True
1519,60029.496655100025,1726.1294145317297,g,g,4366.873551020408,4366.873551020408,3.236115669763605e-17,-0.5814402838645467,3.2361156697636053e-19,0.01,20.707875218977186,1.453600709661373,0.01,True
1520,60032.321689799894,1728.9544492315981,g,g,4195.842228571429,4195.842228571429,4.307237351839636e-17,-0.457265515868583,4.307237351839636e-19,0.01,20.397438298987275,1.143163789671462,0.01,True
1521,60042.384710600134,1739.0174700318385,g,g,3702.391118367347,3702.391118367347,5.750231654699906e-17,-0.3317789791467458,5.750231654699906e-19,0.01,20.08372195718268,0.8294474478668654,0.01,True
1522,60044.322743100114,1740.9555025318186,g,g,4228.183710204082,4228.183710204082,3.631515966133683e-17,-0.5313763623437442,3.631515966133683e-19,0.01,20.58271541517518,1.3284409058593667,0.01,True
1523,60046.30473379977,1742.937493231475,g,g,4195.842228571429,4195.842228571429,2.0969385815388207e-17,-0.7698786098954127,2.0969385815388207e-19,0.01,21.17897103405435,1.9246965247385361,0.01,True
1524,60050.47543979995,1747.108199231654,g,g,5393.061485714286,5393.061485714286,2.420844669713649e-17,-0.7074973958353663,2.420844669713649e-19,0.01,21.02301799890423,1.7687434895884167,0.01,True
1525,60053.3883795999,1750.0211390316035,g,g,4195.842228571429,4195.842228571429,3.9900125658182535e-17,-0.4904900568215087,3.9900125658182535e-19,0.01,20.480499651369584,1.2262251420537709,0.01,True
1526,60055.42605319992,1752.0588126316215,g,g,4366.873551020408,4366.873551020408,2.535410978534936e-17,-0.6874159537151652,2.5354109785349357e-19,0.01,20.97281439360373,1.7185398842879174,0.01,True
1527,60057.364131900016,1753.9968913317207,g,g,4195.842228571429,4195.842228571429,2.896309589907524e-17,-0.6296193379921622,2.896309589907524e-19,0.01,20.828322854296218,1.5740483449804046,0.01,True
1528,60059.36304400023,1755.9958034319352,g,g,4366.873551020408,4366.873551020408,2.5087664404483337e-17,-0.6920040887183401,2.5087664404483337e-19,0.01,20.984284731111668,1.7300102217958546,0.01,True
1529,60061.42862269981,1758.0613821315128,g,g,4195.842228571429,4195.842228571429,2.2154848088820136e-17,-0.7459955437308086,2.2154848088820137e-19,0.01,21.11926336864284,1.8649888593270276,0.01,True
1530,60063.42527779983,1760.058037231538,g,g,4195.842228571429,4195.842228571429,2.687737530346609e-17,-0.6620774645980294,2.687737530346609e-19,0.01,20.90946817081089,1.6551936614950762,0.01,True
1531,60065.450902800076,1762.0836622317802,g,g,4195.842228571429,4195.842228571429,4.113346762413482e-17,-0.4772689973957345,4.113346762413482e-19,0.01,20.44744700280515,1.1931724934893353,0.01,True
1532,60073.28362269979,1769.9163821314942,g,g,4830.0,4830.0,3.765836543683004e-17,-0.5156028547250404,3.765836543683004e-19,0.01,20.543281646128413,1.2890071368126002,0.01,True
1533,60077.38725689985,1774.020016331553,g,g,4366.873551020408,4366.873551020408,3.008941424794929e-17,-0.6130505868506777,3.0089414247949294e-19,0.01,20.786900976442514,1.5326264671267005,0.01,True
1534,60079.346770800184,1775.979530231889,g,g,4366.873551020408,4366.873551020408,2.4864560100447783e-17,-0.6958835400694401,2.4864560100447785e-19,0.01,20.99398335948942,1.7397088501736064,0.01,True
1535,60082.39061339991,1779.0233728316161,g,g,4228.183710204082,4228.183710204082,2.664599742520151e-17,-0.6658323386503096,2.6645997425201514e-19,0.01,20.918855355941588,1.6645808466257748,0.01,True
1536,60084.32239580015,1780.9551552318517,g,g,4366.873551020408,4366.873551020408,2.8553618193748715e-17,-0.6358031722127695,2.8553618193748715e-19,0.01,20.843782439847743,1.58950793053193,0.01,True
1537,60086.26123839989,1782.8939978315975,g,g,4333.342228571429,4333.342228571429,2.254443793532672e-17,-0.738424908038974,2.254443793532672e-19,0.01,21.10033677941325,1.8460622700974376,0.01,True
1538,60088.305081000086,1784.9378404317904,g,g,4228.183710204082,4228.183710204082,2.0899249824451905e-17,-0.7713336227885765,2.0899249824451905e-19,0.01,21.182608566287254,1.9283340569714404,0.01,True
1539,60093.45782409981,1790.0905835315134,g,g,4366.873551020408,4366.873551020408,2.530585814021616e-17,-0.6882432511027883,2.530585814021616e-19,0.01,20.974882637072785,1.7206081277569716,0.01,True
1540,60100.22796300007,1796.8607224317748,g,g,4333.342228571429,4333.342228571429,5.067843715522803e-17,-0.38664110679533614,5.067843715522803e-19,0.01,20.220877276304158,0.9666027669883448,0.01,True
1541,60102.2384722,1798.8712316317033,g,g,4333.342228571429,4333.342228571429,2.7169263276195616e-16,0.3426135419736056,2.7169263276195617e-18,0.01,18.3977406543818,-0.856533854934014,0.01,True
1542,60104.2607522998,1800.893511731505,g,g,4301.879008163265,4301.879008163265,1.957314309362227e-17,-0.79980374912593,1.957314309362227e-19,0.01,21.25378388213064,1.9995093728148277,0.01,True
1543,60109.280532400124,1805.9132918318282,g,g,4366.873551020408,4366.873551020408,2.2246478297279022e-17,-0.7442030499635965,2.2246478297279024e-19,0.01,21.11478213422481,1.8605076249089976,0.01,True
1544,60111.28787040012,1807.920629831824,g,g,4879.967518367347,4879.967518367347,1.9175099450839154e-17,-0.8087266951650722,1.9175099450839154e-19,0.01,21.2760912472285,2.021816737912687,0.01,True
1545,60111.401284699794,1808.0340441314984,g,g,4879.967518367347,4879.967518367347,2.384808634974016e-17,-0.7140107847102133,2.3848086349740162e-19,0.01,21.039301471091353,1.7850269617755394,0.01,True
1546,60114.2874305998,1810.920190031502,g,g,4366.873551020408,4366.873551020408,2.879021099283939e-17,-0.6322194725679768,2.879021099283939e-19,0.01,20.834823190735754,1.5805486814199412,0.01,True
1547,60116.325694399886,1812.9584538315903,g,g,4195.842228571429,4195.842228571429,3.701405991444309e-17,-0.5230975966236837,3.701405991444309e-19,0.01,20.562018500875027,1.3077439915592137,0.01,True
1548,60118.25969910016,1814.8924585318673,g,g,4195.842228571429,4195.842228571429,3.4468970250775963e-17,-0.5540360110458256,3.4468970250775965e-19,0.01,20.639364536930376,1.385090027614563,0.01,True
1549,60120.32012729999,1816.9528867316913,g,g,4366.873551020408,4366.873551020408,2.793275835117724e-17,-0.6453504959784997,2.793275835117724e-19,0.01,20.86765074926207,1.6133762399462555,0.01,True
1550,60122.318437499925,1818.95119693163,g,g,4830.0,4830.0,4.452244707975174e-17,-0.4428852938687644,4.452244707975175e-19,0.01,20.36148774398773,1.1072132346719172,0.01,True
1551,60124.391944400035,1821.0247038317393,g,g,4228.183710204082,4228.183710204082,3.1221648465664193e-17,-0.5970084906812989,3.1221648465664196e-19,0.01,20.746795736019067,1.4925212267032535,0.01,True
1552,60126.40969910007,1823.0424585317742,g,g,4228.183710204082,4228.183710204082,5.906468475872518e-17,-0.32013642986175306,5.906468475872518e-19,0.01,20.054615583970197,0.8003410746543835,0.01,True
1553,60128.28767360002,1824.9204330317225,g,g,4195.842228571429,4195.842228571429,7.37330071858204e-17,-0.2238023733647001,7.37330071858204e-19,0.01,19.813780442727563,0.5595059334117494,0.01,True
1554,60136.20342590008,1832.8361853317838,g,g,4830.0,4830.0,2.3575674558875026e-17,-0.7190001924059057,2.3575674558875025e-19,0.01,21.05177499033058,1.7975004810147652,0.01,True
1555,60138.22098380001,1834.853743231717,g,g,5393.061485714286,5393.061485714286,3.047745308324459e-17,-0.6074856488507958,3.047745308324459e-19,0.01,20.772988631442807,1.518714122126994,0.01,True
1556,60140.201053199824,1836.8338126315284,g,g,4830.0,4830.0,3.253280611854907e-17,-0.5791427952556614,3.2532806118549074e-19,0.01,20.702131497454968,1.4478569881391543,0.01,True
1557,60143.26684030006,1839.8995997317616,g,g,4195.842228571429,4195.842228571429,2.3883679170530716e-17,-0.7133630915708,2.388367917053072e-19,0.01,21.037682238242816,1.7834077289270027,0.01,True
1558,60145.22300929995,1841.855768731657,g,g,4366.873551020408,4366.873551020408,2.3293089481507568e-17,-0.7242372251899472,2.3293089481507567e-19,0.01,21.06486757229068,1.810593062974867,0.01,True
1559,60147.30730320001,1843.9400626317147,g,g,4195.842228571429,4195.842228571429,3.146618388004547e-17,-0.5936202440058107,3.146618388004547e-19,0.01,20.738325119330344,1.4840506100145312,0.01,True
1560,60149.28208329994,1845.9148427316468,g,g,4366.873551020408,4366.873551020408,2.6366349515348883e-17,-0.6704143154042246,2.636634951534888e-19,0.01,20.93031029782638,1.6760357885105677,0.01,True
1561,60151.28443290014,1847.9171923318427,g,g,4195.842228571429,4195.842228571429,3.156494640635099e-17,-0.592259263959912,3.156494640635099e-19,0.01,20.734922669215592,1.4806481598997792,0.01,True
1562,60153.28359950008,1849.9163589317832,g,g,4195.842228571429,4195.842228571429,3.610417304103202e-17,-0.5339069182267071,3.6104173041032025e-19,0.01,20.589041804882587,1.334767295566774,0.01,True
1563,60155.24347219989,1851.8762316315915,g,g,4830.0,4830.0,5.059683634884712e-17,-0.3873409575362512,5.059683634884712e-19,0.01,20.222626903156446,0.9683523938406324,0.01,True
1564,58294.257337999996,-9.10990256829973,r,r,6631.680608163266,6631.680608163266,2.2867742634126007e-17,-0.7322410244557513,7.027469270237443e-18,0.3073092688978493,20.803309064307893,1.5490345549920796,0.3073092688978493,False
1565,58295.246053200215,-8.121187368080427,r,r,7103.3747102040825,7103.3747102040825,8.935549779122252e-17,-0.1403430416661262,6.7825439736492755e-18,0.07590516690418496,19.323564107333834,0.06928959801802037,0.07590516690418496,False
1566,58295.26393519994,-8.103305368356814,r,r,7103.3747102040825,7103.3747102040825,7.651416537087264e-17,-0.20772247498491048,7.03903322325488e-18,0.09199647136103369,19.492012690630794,0.23773818131498103,0.09199647136103369,False
1567,58295.28287040023,-8.084370168064197,r,r,7103.3747102040825,7103.3747102040825,8.454454933539546e-17,-0.16437870676893063,7.188833289142858e-18,0.08503012134613365,19.38365327009085,0.12937876077503674,0.08503012134613365,False
1568,58296.2483680998,-7.118872468498012,r,r,6260.0,6260.0,1.098797917531602e-16,-0.050546492577929314,7.682999427516507e-18,0.06992186010668827,19.099072734613344,-0.1552017747024692,0.06992186010668827,False
1569,58296.283044000156,-7.084196568139305,r,r,6260.0,6260.0,1.193945179386322e-16,-0.014479933847630022,7.540182655571178e-18,0.06315350809864462,19.008906337787593,-0.2453681715282201,0.06315350809864462,False
1570,58297.259733799845,-6.107506768450548,r,r,6260.0,6260.0,1.5434087712696668e-16,0.09701664379650587,9.664715498661614e-18,0.06261928582089793,18.730164893677255,-0.5241096156385581,0.06261928582089793,False
1571,58297.30467589991,-6.062564668383857,r,r,6260.0,6260.0,1.6124669320975264e-16,0.11602649679891996,1.0553342347893662e-17,0.06544842649371843,18.68264026117122,-0.5716342481445942,0.06544842649371843,False
1572,58297.32034720015,-6.046893368147721,r,r,6260.0,6260.0,1.6130979240885133e-16,0.1161964120575032,1.1115096547863032e-17,0.06890528083807222,18.682215473024762,-0.5720590362910514,0.06890528083807222,False
1573,58298.264097199775,-5.10314336852025,r,r,7067.463706122449,7067.463706122449,1.8360395517323772e-16,0.17241771224110458,9.32112591376171e-18,0.05076756600895037,18.54166222256576,-0.7126122867500548,0.05076756600895037,False
1574,58298.28700229991,-5.080238268383255,r,r,7067.463706122449,7067.463706122449,1.6416408961233323e-16,0.1238138423538011,1.0946608209077441e-17,0.06668089370170667,18.663171897284016,-0.591102612031797,0.06668089370170667,False
1575,58298.32711810013,-5.0401224681627355,r,r,7067.463706122449,7067.463706122449,1.6664487132479973e-16,0.13032763208047804,9.834816361442141e-18,0.0590166158925681,18.646887422967325,-0.6073870863484885,0.0590166158925681,False
1576,58299.34489580011,-4.022344768185576,r,r,7098.518763265306,7098.518763265306,1.8216583950594435e-16,0.1690026193270544,1.0384766268884155e-17,0.0570072100073696,18.550199954850882,-0.7040745544649312,0.0570072100073696,False
1577,58299.3457986,-4.021441968296131,r,r,7098.518763265306,7098.518763265306,1.902622662861369e-16,0.18788834524628584,9.991446295191234e-18,0.05251407170860154,18.502985640052806,-0.7512888692630071,0.05251407170860154,False
1578,58299.35994210001,-4.007298468284716,r,r,7098.518763265306,7098.518763265306,1.7393917988195056e-16,0.14893309781610498,1.2147253045731362e-17,0.06983620972558044,18.60037375862826,-0.6539007506875549,0.06983620972558044,False
1579,58299.384108799975,-3.9831317683201632,r,r,7098.518763265306,7098.518763265306,1.8150672485308172e-16,0.16742840010816096,1.106348220438562e-17,0.060953566394527876,18.554135502898117,-0.7001390064176967,0.060953566394527876,False
1580,58300.32474539988,-3.0424951684180996,r,r,6260.0,6260.0,2.1912726078359274e-16,0.2492320895937361,8.296363428557758e-18,0.0378609370595434,18.34962627918418,-0.9046482301316345,0.0378609370595434,False
1581,58300.347326400224,-3.019914168071409,r,r,6260.0,6260.0,2.2522525542633645e-16,0.26115276787937347,9.085844093564208e-18,0.04034114236596295,18.319824583470087,-0.9344499258457262,0.04034114236596295,False
1582,58300.35761569999,-3.009624868303945,r,r,6260.0,6260.0,2.0877805164201927e-16,0.228220520104772,8.411749318372091e-18,0.04029039093053361,18.40215520290659,-0.8521193064092216,0.04029039093053361,False
1583,58301.18053240003,-2.186708168264886,r,r,7103.3747102040825,7103.3747102040825,2.068110410732156e-16,0.22410940058806617,6.163942037515291e-18,0.02980470484326377,18.412433001698354,-0.8418415076174597,0.02980470484326377,False
1584,58301.346874999814,-2.020365568481793,r,r,7103.3747102040825,7103.3747102040825,2.2566444052317945e-16,0.26199880949942767,7.212816031264737e-18,0.031962572457329017,18.31770947941995,-0.9365650298958634,0.031962572457329017,False
1585,58301.36864579981,-1.9985947684835992,r,r,7103.3747102040825,7103.3747102040825,2.1838558138225817e-16,0.2477596410214833,8.967078066135785e-18,0.04106076055653131,18.35330740061481,-0.9009671087010034,0.04106076055653131,False
1586,58302.30846060021,-1.0587799680870376,r,r,7067.463706122449,7067.463706122449,2.2371990045731887e-16,0.2582402971779896,9.558648715721923e-18,0.042725965353026404,18.327105760223546,-0.9271687490922673,0.042725965353026404,False
1587,58302.30939809978,-1.057842468515446,r,r,7067.463706122449,7067.463706122449,2.2507612196384286e-16,0.2608651034597287,9.410459200919874e-18,0.04181011792282261,18.3205437445192,-0.9337307647966142,0.04181011792282261,False
1588,58302.3244097,-1.0428308682967327,r,r,7067.463706122449,7067.463706122449,2.177422880246141e-16,0.246478461910133,8.77457213601887e-18,0.04029796974957373,18.356510348393186,-0.8977641609226268,0.04029796974957373,False
1589,58303.304537000135,-0.06270356816094136,r,r,5715.571428571429,5715.571428571429,2.259672243000247e-16,0.26258113068475275,6.384020276508088e-18,0.028251974578542408,18.31625367645664,-0.9380208328591735,0.028251974578542408,False
1590,58303.34917820012,-0.018062368173559662,r,r,5715.571428571429,5715.571428571429,2.317747832485265e-16,0.2736018633626802,7.551138998909975e-18,0.032579639998252405,18.288701844761817,-0.9655726645539957,0.032579639998252405,False
1591,58304.18701389991,0.8197733316119411,r,r,6751.988151020409,6751.988151020409,2.319898080563279e-16,0.27400458532957117,5.8435508232472296e-18,0.02518882563077252,18.287695039844593,-0.9665794694712204,0.02518882563077252,False
1592,58304.327395800035,0.9601552317399182,r,r,6751.988151020409,6751.988151020409,2.2091441877326555e-16,0.2527597423444359,6.09913233050996e-18,0.027608575141352704,18.34080714730743,-0.9134673620083831,0.027608575141352704,False
1593,58304.347870400175,0.9806298318799236,r,r,6751.988151020409,6751.988151020409,2.392184247544852e-16,0.2873303059986494,6.992497366899267e-18,0.029230596991330463,18.254380738171896,-0.9998937711439169,0.029230596991330463,False
1594,58305.18483800022,1.8175974319237866,r,r,7103.3747102040825,7103.3747102040825,2.2570991092355224e-16,0.2620863091279535,6.978867789705941e-18,0.030919633795211048,18.317490730348638,-0.9367837789671754,0.030919633795211048,False
1595,58305.18574069999,1.8185001316960552,r,r,7103.3747102040825,7103.3747102040825,2.355619490296579e-16,0.2806408187549483,7.512500577961983e-18,0.031891825521515524,18.27110445628115,-0.9831700530346623,0.031891825521515524,False
1596,58305.35052079987,1.9832802315722802,r,r,7103.3747102040825,7103.3747102040825,2.0637743707793768e-16,0.2231978945729427,8.566978999480488e-18,0.04151121905950019,18.41471176673616,-0.8395627425796519,0.04151121905950019,False
1597,58305.36902779993,2.0017872316311696,r,r,7103.3747102040825,7103.3747102040825,2.2031075391876324e-16,0.2515713764259182,8.290477854356021e-18,0.03763083602089178,18.343778062103723,-0.9104964472120898,0.03763083602089178,False
1598,58306.18471059995,2.817470031652192,r,r,7103.3747102040825,7103.3747102040825,2.1186075223314723e-16,0.2345861897143795,8.092891970396303e-18,0.03819910901425615,18.38624102888257,-0.8680334804332439,0.03819910901425615,False
1599,58306.196840300225,2.829599731929193,r,r,7103.3747102040825,7103.3747102040825,2.336277136453882e-16,0.2770600386153621,6.382611705941335e-18,0.027319582965354795,18.280056406630113,-0.9742181026857004,0.027319582965354795,False
1600,58306.39096060023,3.023720031931589,r,r,7103.3747102040825,7103.3747102040825,2.5840422519576283e-16,0.3208352903358769,1.0080007470731369e-17,0.03900867899158739,18.170618277328828,-1.0836562319869856,0.03900867899158739,False
1601,58307.182118100114,3.814877531818638,r,r,7103.3747102040825,7103.3747102040825,2.3503792223150463e-16,0.2796736189966449,6.019663573184679e-18,0.025611456721675356,18.273522455676908,-0.9807520536389056,0.025611456721675356,False
1602,58307.20362270018,3.8363821318853297,r,r,7103.3747102040825,7103.3747102040825,2.311908264899234e-16,0.27250627731010013,5.520299180596491e-18,0.023877673973526355,18.29144080989327,-0.9628336994225428,0.023877673973526355,False
1603,58307.3681481001,4.000907531801204,r,r,7103.3747102040825,7103.3747102040825,2.4087129746616627e-16,0.2903207317501888,6.6649666565727286e-18,0.02767024019335021,18.246904673793047,-1.0073698355227663,0.02767024019335021,False
1604,58308.24124999996,4.8740094316672185,r,r,7103.3747102040825,7103.3747102040825,2.2866725671898247e-16,0.26773966139891314,5.9414973969682546e-18,0.025983157721046077,18.303357349671238,-0.9509171596445753,0.025983157721046077,False
1605,58308.24216439994,4.874923831644992,r,r,7103.3747102040825,7103.3747102040825,2.39816482674163e-16,0.28841470876467845,5.622922409673428e-18,0.023446772077435788,18.251669731256822,-1.0026047780589913,0.023446772077435788,False
1606,58308.31766200019,4.950421431894938,r,r,7103.3747102040825,7103.3747102040825,2.4041457816588144e-16,0.2894964784675782,6.730856076101056e-18,0.02799687160175825,18.248965306999573,-1.0053092023162407,0.02799687160175825,False
1607,58308.34410879994,4.976868231642584,r,r,7103.3747102040825,7103.3747102040825,2.231811580616426e-16,0.25719320651445265,1.683874971315256e-17,0.07544879621290299,18.329723486882386,-0.9245510224334268,0.07544879621290299,False
1608,58311.18313660007,7.815896031774173,r,r,7103.3747102040825,7103.3747102040825,2.4390419656215666e-16,0.29575495251187434,6.059936607246232e-18,0.024845561054960837,18.233319121888833,-1.02095538742698,0.024845561054960837,False
1609,58311.20229170006,7.835051131762157,r,r,7103.3747102040825,7103.3747102040825,2.4094949777739746e-16,0.2904617051755132,5.9317143886233716e-18,0.024618081562068326,18.246552240229736,-1.0077222690860772,0.024618081562068326,False
1610,58311.20320599992,7.835965431622753,r,r,7103.3747102040825,7103.3747102040825,2.410359895683347e-16,0.29061757255709786,5.8813713689302385e-18,0.024400386761591238,18.246162571775773,-1.0081119375400398,0.024400386761591238,False
1611,58311.21709490009,7.8498543317909935,r,r,7103.3747102040825,7103.3747102040825,2.2477553936908965e-16,0.2602847282253755,6.830887187681959e-18,0.03038981557715403,18.32199468260508,-0.9322798267107331,0.03038981557715403,False
1612,58312.2042824002,8.837041831902752,r,r,7103.3747102040825,7103.3747102040825,1.2772033507643623e-16,0.01479572900591819,2.6014799449649557e-17,0.20368564985427415,18.935717180653725,-0.31855732866208797,0.20368564985427415,False
1613,58312.220960599836,8.853720031540433,r,r,7103.3747102040825,7103.3747102040825,2.5084854346913854e-16,0.3079472634350715,6.110142678142566e-18,0.024357895779029255,18.20283834458084,-1.051436164734973,0.024357895779029255,False
1614,58312.24134259997,8.874102031673829,r,r,7103.3747102040825,7103.3747102040825,2.593568712537678e-16,0.32243343819174974,6.197923981584537e-18,0.02389728080703201,18.166622907689145,-1.0876516016266677,0.02389728080703201,False
1615,58316.24035880016,12.873118231866101,r,r,7103.3747102040825,7103.3747102040825,2.398606875479921e-16,0.2884947539868552,6.104831385735324e-18,0.025451571277239207,18.251469618201384,-1.0028048911144296,0.025451571277239207,False
1616,58319.2176967999,15.850456231601129,r,r,7103.3747102040825,7103.3747102040825,1.9497640661802957e-16,0.19851774191290694,8.998293562143168e-18,0.04615067903970229,18.476412148386252,-0.7778623609295607,0.04615067903970229,False
1617,58319.22114579985,15.853905231553654,r,r,7103.3747102040825,7103.3747102040825,2.1319483105987337e-16,0.23731235070657775,8.016304333107872e-18,0.03760083813127994,18.379425626402075,-0.8748488829137386,0.03760083813127994,False
1618,58319.23502309993,15.867782531633566,r,r,7103.3747102040825,7103.3747102040825,2.236074187912985e-16,0.25802188812584603,8.090712678759143e-18,0.036182666579191274,18.327651782853906,-0.9266227264619076,0.036182666579191274,False
1619,58319.26149309985,15.894252531557868,r,r,7103.3747102040825,7103.3747102040825,2.3614981368833823e-16,0.2817232870320687,7.496281659381719e-18,0.03174375428165713,18.268398285588347,-0.9858762237274661,0.03174375428165713,False
1620,58320.266620399896,16.899379831600527,r,r,6164.842453061225,6164.842453061225,2.4081736667244977e-16,0.2902234828508181,6.7194655998735965e-18,0.027902745108134775,18.247147796041475,-1.0071267132743387,0.027902745108134775,False
1621,58320.354340299964,16.987099731668422,r,r,6164.842453061225,6164.842453061225,2.2478125457534947e-16,0.26029577057897946,6.556855202852084e-18,0.029169937747874543,18.321967076721073,-0.9323074325947402,0.029169937747874543,False
1622,58321.22500000009,17.857759431797604,r,r,6248.218097959184,6248.218097959184,2.2575804395100536e-16,0.2621789133009571,7.223976927634705e-18,0.03199875761327234,18.317259219916128,-0.9370152893996853,0.03199875761327234,False
1623,58321.241956000216,17.874715431920777,r,r,6248.218097959184,6248.218097959184,2.1929741422807395e-16,0.2495691906281312,7.304938948594185e-18,0.03331064789025234,18.348783526598194,-0.9054909827176196,0.03331064789025234,False
1624,58321.26226849994,17.89502793164138,r,r,6248.218097959184,6248.218097959184,2.1065644584187572e-16,0.2321104323296499,9.512657216495171e-18,0.045157209305788926,18.392430422344393,-0.8618440869714199,0.045157209305788926,False
1625,58322.24106479995,18.873824231653998,r,r,6226.195559183673,6226.195559183673,2.348602049129563e-16,0.27934511522101424,6.787915305614223e-18,0.028901938956112018,18.274343715115982,-0.9799307941998308,0.028901938956112018,False
1626,58322.24200229999,18.87476173169125,r,r,6226.195559183673,6226.195559183673,2.1903055371299553e-16,0.2490403808239101,6.471133751347426e-18,0.02954443406022162,18.350105551108744,-0.9041689582070696,0.02954443406022162,False
1627,58322.26458329987,18.89734273157228,r,r,6226.195559183673,6226.195559183673,2.1688876499304024e-16,0.24477273556259327,7.019270591220945e-18,0.032363458713254176,18.36077466426204,-0.8934998450537748,0.032363458713254176,False
1628,58322.27901619999,18.911775631691853,r,r,6226.195559183673,6226.195559183673,2.2110198709121767e-16,0.25312832545255226,7.951607233357733e-18,0.03596352677770021,18.33988568953714,-0.9143888197786723,0.03596352677770021,False
1629,58323.24582180008,19.878581231787393,r,r,7103.3747102040825,7103.3747102040825,2.1784941384940277e-16,0.24669207550889105,8.237133847716338e-18,0.037811136152106385,18.355976314396294,-0.8982981949195192,0.037811136152106385,False
1630,58324.18285880005,20.815618231754343,r,r,6226.195559183673,6226.195559183673,2.226316175014877e-16,0.25612252138912517,1.909747525364509e-17,0.08578060685166372,18.332400199695705,-0.9218743096201081,0.08578060685166372,False
1631,58324.20103010023,20.8337895319346,r,r,6226.195559183673,6226.195559183673,2.41110534188211e-16,0.29075186500029027,2.861709464501228e-17,0.11868869496458319,18.245826840667796,-1.0084476686480173,0.11868869496458319,False
1632,58324.24577549985,20.878534931551258,r,r,6226.195559183673,6226.195559183673,2.0592451077276652e-16,0.22224372263562664,1.0173067509284226e-17,0.04940192632294267,18.41709719657945,-0.8371773127363618,0.04940192632294267,False
1633,58325.22515049996,21.857909931663016,r,r,7098.518763265306,7098.518763265306,1.8375088239835125e-16,0.1727651130644201,9.207313495867776e-18,0.050107587923890105,18.54079372050747,-0.7134807888083436,0.050107587923890105,False
1634,58325.23593749991,21.86869693161134,r,r,7098.518763265306,7098.518763265306,2.005174932210958e-16,0.21068794638016897,1.0336167079620654e-17,0.051547458097452516,18.4459866372181,-0.8082878720977149,0.051547458097452516,False
1635,58325.236874999944,21.869634431648592,r,r,7098.518763265306,7098.518763265306,2.0513440425384247e-16,0.22057418422483188,9.550121345047945e-18,0.046555434617540796,18.42127104260644,-0.8330034667093749,0.046555434617540796,False
1636,58325.26331020007,21.89606963177357,r,r,7098.518763265306,7098.518763265306,2.028307026126129e-16,0.21566937482776183,9.419478807067186e-18,0.04644010342486208,18.433533066099116,-0.8207414432166971,0.04644010342486208,False
1637,58326.281423599925,22.914183031629364,r,r,6590.280742857143,6590.280742857143,2.0564824736824447e-16,0.2216606923558917,1.1415920833742534e-17,0.05551188001763317,18.41855477227879,-0.8357197370370244,0.05551188001763317,False
1638,58326.30586809991,22.938627531613747,r,r,6590.280742857143,6590.280742857143,1.848581840481893e-16,0.17537436219388702,1.3927143324096455e-17,0.07533960909442826,18.534270597683804,-0.7200039116320092,0.07533960909442826,False
1639,58326.3270717999,22.95983123160113,r,r,6590.280742857143,6590.280742857143,1.9566572018594533e-16,0.20005042550751462,1.650266243575884e-17,0.08434110185512314,18.472580439399735,-0.7816940699160781,0.08434110185512314,False
1640,58327.28097219998,23.91373163168464,r,r,6590.280742857143,6590.280742857143,1.7521112510578895e-16,0.15209735818076275,1.3957470246509747e-17,0.07966086764229445,18.59246310771661,-0.661811401599202,0.07966086764229445,False
1641,58327.29998840019,23.93274783189554,r,r,6590.280742857143,6590.280742857143,2.0298273192080074e-16,0.21599477308767057,1.414660235347323e-17,0.06969362477096284,18.432719570449343,-0.8215549388664698,0.06969362477096284,False
1642,58327.3192592999,23.95201873160113,r,r,6590.280742857143,6590.280742857143,1.9334101594179297e-16,0.1948596760919834,1.5690288514569525e-17,0.08115343988516759,18.48555731293856,-0.7687171963772528,0.08115343988516759,False
1643,58328.28434030013,24.91709973183606,r,r,7067.463706122449,7067.463706122449,2.073152757090186e-16,0.22516698335572194,1.0449154567427787e-17,0.05040224137701219,18.409789044779213,-0.8444854645366,0.05040224137701219,False
1644,58328.28528939979,24.91804883149598,r,r,7067.463706122449,7067.463706122449,2.2210931106578915e-16,0.2551024447890118,1.0649801737590497e-17,0.04794847044677028,18.334950391195992,-0.9193241181198211,0.04794847044677028,False
1645,58328.29839120014,24.931150631840865,r,r,7067.463706122449,7067.463706122449,2.2096394801104135e-16,0.25285710069626255,1.538524093861469e-17,0.06962783330539471,18.340563751427865,-0.913710757887948,0.06962783330539471,False
1646,58328.32956020022,24.962319631922583,r,r,7067.463706122449,7067.463706122449,1.7850822650532707e-16,0.16019391501615488,1.4356527854683813e-17,0.08042502094017154,18.57222171562813,-0.6820527936876815,0.08042502094017154,False
1647,58329.303159699775,25.93591913147975,r,r,6248.218097959184,6248.218097959184,2.060682569133713e-16,0.22254677726711236,9.883487195443815e-18,0.047962201182682476,18.41633956000074,-0.8379349493150734,0.047962201182682476,False
1648,58329.32129629981,25.9540557315122,r,r,6248.218097959184,6248.218097959184,1.8906618834004465e-16,0.18514954847476162,1.0556252637257185e-17,0.055833635458240986,18.509832631981617,-0.7444418773341965,0.055833635458240986,False
1649,58330.29942130018,26.932180731884728,r,r,6436.512595918368,6436.512595918368,1.8344287517762444e-16,0.17203652841415717,9.627288010927496e-18,0.05248112253804115,18.542615182133126,-0.7116593271826872,0.05248112253804115,False
1650,58330.321006900165,26.9537663318697,r,r,6436.512595918368,6436.512595918368,1.862425869842615e-16,0.17861467529447772,1.051500423618594e-17,0.05645864571820255,18.526169814932324,-0.7281046943834895,0.05645864571820255,False
1651,58330.3433333002,26.976092731907556,r,r,6436.512595918368,6436.512595918368,2.0051316039206698e-16,0.21067856194174084,1.0878274920512878e-17,0.054252174267476465,18.44601009831417,-0.8082644110016446,0.054252174267476465,False
1652,58331.180416699965,27.813176131669024,r,r,6981.809224489796,6981.809224489796,1.8881014396289658e-16,0.1845610031352951,5.583057549890922e-18,0.029569690657023483,18.511303995330284,-0.7429705139855294,0.029569690657023483,False
1653,58331.18134259991,27.81410203161795,r,r,6981.809224489796,6981.809224489796,2.002746607726837e-16,0.21016168455479978,5.625363403228533e-18,0.028088243323070455,18.44730229178152,-0.8069722175342946,0.028088243323070455,False
1654,58331.197175899986,27.82993533169065,r,r,6981.809224489796,6981.809224489796,1.9282304569772974e-16,0.19369461814879507,5.835345201962367e-18,0.03026269593889664,18.488469957796532,-0.7658045515192811,0.03026269593889664,False
1655,58331.216296299826,27.849055731530825,r,r,6981.809224489796,6981.809224489796,1.915750374665503e-16,0.19087459892237923,5.8783095797042014e-18,0.030684110296627636,18.495520005862573,-0.7587545034532397,0.030684110296627636,False
1656,58332.25894680014,28.891706231843273,r,r,6248.218097959184,6248.218097959184,1.9900742064978606e-16,0.20740495057576247,6.746207470049251e-18,0.03389927595675565,18.454194126729114,-0.8000803825866996,0.03389927595675565,False
1657,58332.277928200085,28.910687631789187,r,r,6248.218097959184,6248.218097959184,1.3719676001031562e-16,0.045879535106633895,9.962058698904754e-18,0.07261147200674214,18.858007665401935,-0.3962668439138781,0.07261147200674214,False
1658,58332.32524310006,28.95800253176276,r,r,6248.218097959184,6248.218097959184,1.7761087279068485e-16,0.15800522818533835,9.347645678347856e-18,0.05262991804203392,18.577693432705175,-0.6765810766106384,0.05262991804203392,False
1659,58334.16643519979,30.799194631494174,r,r,6751.988151020409,6751.988151020409,1.8456124615787935e-16,0.17467619363826614,6.131011121196889e-18,0.03321938515712142,18.536016019072854,-0.7182584902429596,0.03321938515712142,False
1660,58337.195439800154,33.82819923185889,r,r,6590.280742857143,6590.280742857143,1.7525107485740483e-16,0.152196370038574,5.677845498108146e-18,0.0323983490699158,18.592215578072086,-0.6620589312437275,0.0323983490699158,False
1661,58340.18194440007,36.81470383177657,r,r,5715.571428571429,5715.571428571429,1.7391137178816917e-16,0.14886366051523403,7.995070750639426e-18,0.04597209871001267,18.600547351880437,-0.6537271574353767,0.04597209871001267,False
1662,58344.18479169998,40.81755113168765,r,r,7103.3747102040825,7103.3747102040825,1.679281681739693e-16,0.1336592303123112,5.762411449324449e-18,0.03431474011765994,18.638558427387743,-0.6157160819280705,0.03431474011765994,False
1663,58349.236527800094,45.86928723179881,r,r,6590.280742857143,6590.280742857143,1.7074154428398683e-16,0.1408748848687864,7.31677904485364e-18,0.042852951081922774,18.620519290996555,-0.6337552183192585,0.042852951081922774,False
1664,58349.266724499874,45.89948393157829,r,r,6590.280742857143,6590.280742857143,1.5876441729577267e-16,0.10928885351869155,8.271312421851327e-18,0.052098023995150976,18.699484369371792,-0.5547901399440214,0.052098023995150976,False
1665,58349.2807407002,45.913500131900946,r,r,6590.280742857143,6590.280742857143,1.6203406416378232e-16,0.1181420049378783,7.834593644548288e-18,0.048351522162828446,18.677351490823824,-0.5769230184919891,0.048351522162828446,False
1666,58350.16173609998,46.79449553168524,r,r,7098.518763265306,7098.518763265306,1.6267635365048675e-16,0.11986010899834554,6.8019756100450726e-18,0.04181293382478468,18.673056230672657,-0.5812182786431563,0.04181293382478468,False
1667,58350.17907410022,46.811833531923185,r,r,7098.518763265306,7098.518763265306,1.5553358913950479e-16,0.10035987378118527,6.8789229396529096e-18,0.04422789300826143,18.721806818715557,-0.5324676906002566,0.04422789300826143,False
1668,58350.18001159979,46.812771031494776,r,r,7098.518763265306,7098.518763265306,1.491204874194905e-16,0.08207299431776782,6.726414154704914e-18,0.04510724361960308,18.7675240173741,-0.48675049194171294,0.04510724361960308,False
1669,58350.19743059995,46.830190031651,r,r,7098.518763265306,7098.518763265306,1.5540635108951018e-16,0.10000444317265966,7.285671119491918e-18,0.0468814245261801,18.72269539523687,-0.5315791140789443,0.0468814245261801,False
1670,58351.15344909998,47.78620853168104,r,r,6590.280742857143,6590.280742857143,1.5161292016781747e-16,0.08927189238993272,6.550104420593718e-18,0.04320281156344414,18.74952677219369,-0.5047477371221234,0.04320281156344414,False
1671,58351.17840280011,47.811162231817434,r,r,6590.280742857143,6590.280742857143,1.5735402505169413e-16,0.1054135362249724,6.643471647940444e-18,0.04221990283221495,18.70917266260609,-0.5451018467097235,0.04221990283221495,False
1672,58351.2047917,47.83755113170628,r,r,6590.280742857143,6590.280742857143,1.5700227704025709e-16,0.10444163088618375,7.499317419953364e-18,0.04776566022689249,18.71160242595306,-0.5426720833627527,0.04776566022689249,False
1673,58352.22182870004,48.85458813174773,r,r,6857.1466693877555,6857.1466693877555,1.6303626231210037e-16,0.12081989011632643,8.503390461782445e-18,0.05215643649573125,18.670656777877703,-0.5836177314381104,0.05215643649573125,False
1674,58352.23498839978,48.86774783148576,r,r,6857.1466693877555,6857.1466693877555,1.4728660080885561e-16,0.07669891906880011,8.270142803589733e-18,0.05615000114180441,18.78095920549652,-0.47331530381929454,0.05615000114180441,False
1675,58352.26218750002,48.8949469317231,r,r,6857.1466693877555,6857.1466693877555,1.343897160430733e-16,0.036901716060596,9.27876888869436e-18,0.06904374205032487,18.88045221301703,-0.3738222962987834,0.06904374205032487,False
1676,58353.15412040008,49.78687983178679,r,r,6260.0,6260.0,1.557092401105079e-16,0.10085006502979965,8.461180396105899e-18,0.054339616519231235,18.72058134059402,-0.5336931687217934,0.054339616519231235,False
1677,58353.15594909992,49.78870853162516,r,r,6260.0,6260.0,1.4900809101081005e-16,0.08174553062646162,8.217310409440288e-18,0.055146739708544744,18.768342676602366,-0.4859318327134474,0.055146739708544744,False
1678,58353.17887730012,49.811636731821636,r,r,6260.0,6260.0,1.5462645440783516e-16,0.09781947736431995,6.919655361863018e-18,0.044750785939979415,18.728157809757718,-0.526116699558095,0.044750785939979415,False
1679,58353.19828699995,49.831046431652794,r,r,6260.0,6260.0,1.556144608853864e-16,0.10058563225060979,7.545578075047527e-18,0.048488925978447575,18.721242422541994,-0.5330320867738187,0.048488925978447575,False
1680,58353.23442129977,49.867180731474946,r,r,6260.0,6260.0,1.5729690396379622e-16,0.10525585435430607,7.875784563083495e-18,0.050069545964466035,18.709566867282753,-0.5447076420330603,0.050069545964466035,False
1681,58353.26608800003,49.89884743173752,r,r,6260.0,6260.0,1.5700514599213313e-16,0.10444956681302564,9.087520549997456e-18,0.057880399349794526,18.711582586135954,-0.5426919231798593,0.057880399349794526,False
1682,58353.27942130016,49.9121807318661,r,r,6260.0,6260.0,1.610290127712051e-16,0.11543981014583515,9.050016014856055e-18,0.05620115194840443,18.684106977803932,-0.5701675315118813,0.05620115194840443,False
1683,58353.28033560002,49.9130950317267,r,r,6260.0,6260.0,1.5578933581376483e-16,0.10107340552252708,8.81826099824877e-18,0.05660375244676811,18.720022989362203,-0.5342515199536102,0.05660375244676811,False
1684,58354.18439809978,50.817157531484554,r,r,6260.0,6260.0,1.4358807374305904e-16,0.06565404917228967,1.2151739234564203e-17,0.08462916813208946,18.808571380237794,-0.44570312907801934,0.08462916813208946,False
1685,58354.20033559995,50.83309503165219,r,r,6260.0,6260.0,1.4886965175749787e-16,0.08134185220750823,9.86346050463761e-18,0.06625568333232051,18.76935187264975,-0.48492263666606306,0.06625568333232051,False
1686,58354.241736100055,50.87449553175975,r,r,6260.0,6260.0,1.6596530049004574e-16,0.12855297634665064,8.587405344162296e-18,0.05174217332663071,18.651324062301892,-0.6029504470139209,0.05174217332663071,False
1687,58355.23690970009,51.8696691317964,r,r,6260.0,6260.0,1.549950490593151e-16,0.09885350566678852,9.772174423719809e-18,0.06304830046526255,18.72557273900155,-0.5287017703142638,0.06304830046526255,False
1688,58355.25799770001,51.89075713171769,r,r,6260.0,6260.0,1.5794151955265516e-16,0.10703199179509326,1.0486838310009596e-17,0.06639696983865888,18.705126523680786,-0.5491479856350274,0.06639696983865888,False
1689,58356.20592590002,52.8386853317279,r,r,6260.0,6260.0,1.3883614936448193e-16,0.05103823972047117,1.0628253114298247e-17,0.07655249128522174,18.84511090386734,-0.4091636054484731,0.07655249128522174,False
1690,58356.21959490003,52.852354331735114,r,r,6260.0,6260.0,1.409291467954525e-16,0.05753650241581809,1.1208724054134637e-17,0.07953446330306116,18.828865247128974,-0.4254092621868395,0.07953446330306116,False
1691,58356.24337959988,52.8761390315849,r,r,6260.0,6260.0,1.5809191761107686e-16,0.10744534711836984,1.21178163738059e-17,0.07665044840316905,18.704093135372595,-0.550181373943218,0.07665044840316905,False
1692,58356.25868060021,52.89144003191177,r,r,6260.0,6260.0,1.5652114527804038e-16,0.10310869676674095,1.0745029677546793e-17,0.06864906117610871,18.71493476125167,-0.539339748064144,0.06864906117610871,False
1693,58356.25959490007,52.89235433177237,r,r,6260.0,6260.0,1.4906946471808803e-16,0.0819243717519953,1.1924140075803267e-17,0.07999049368261665,18.767895573788532,-0.48637893552728073,0.07999049368261665,False
1694,58357.19356480008,53.82632423178438,r,r,6260.0,6260.0,1.4174524959994763e-16,0.060044192775679406,1.025833984906708e-17,0.07237166591486865,18.822596021229323,-0.4316784880864901,0.07237166591486865,False
1695,58357.23549770005,53.868257131754945,r,r,6260.0,6260.0,1.2759456022946715e-16,0.014367839153630158,1.1377897984225846e-17,0.08917228104210506,18.936786905284443,-0.31748760403137055,0.08917228104210506,False
1696,58357.26168979984,53.89444923154224,r,r,6260.0,6260.0,1.3376780089540897e-16,0.034887267208402406,1.3334524540226423e-17,0.0996841127010265,18.885488335147514,-0.3687861741682994,0.0996841127010265,False
1697,58357.28225689987,53.91501633157168,r,r,6260.0,6260.0,1.3687598835846144e-16,0.044862947921007645,1.301219096250405e-17,0.0950655488852195,18.860549133366,-0.3937253759498134,0.0950655488852195,False
1698,58358.19318290008,54.82594233178679,r,r,6260.0,6260.0,1.3774893328022247e-16,0.047623924143653795,9.246601249397489e-18,0.06712648170267235,18.853646692809384,-0.40062781650642876,0.06712648170267235,False
1699,58358.22163189994,54.854391331646184,r,r,6260.0,6260.0,1.4288880552312375e-16,0.06353388552624395,1.088504635479541e-17,0.07617844039597545,18.81387178935291,-0.44040271996290414,0.07617844039597545,False
1700,58358.243495400064,54.876254831768165,r,r,6260.0,6260.0,1.3802927412454207e-16,0.04850688385844393,1.0226015244950997e-17,0.07408584381690071,18.85143929352241,-0.4028352157934023,0.07408584381690071,False
1701,58359.204699099995,55.83745853169967,r,r,6590.280742857143,6590.280742857143,1.3425020829717656e-16,0.036450647963990335,2.444822163715852e-17,0.18210937582338704,18.881579883258546,-0.37269462605726744,0.18210937582338704,False
1702,58359.22081020009,55.8535696317922,r,r,6590.280742857143,6590.280742857143,1.4394419816614825e-16,0.0667298445943274,1.7465018659525793e-17,0.12133186944684436,18.805881891682702,-0.448392617633111,0.12133186944684436,False
1703,58359.24188659992,55.87464603162516,r,r,6590.280742857143,6590.280742857143,1.503848614407611e-16,0.08573979976614332,1.1193462737798444e-17,0.07443211125481351,18.75835700375316,-0.4959175055626517,0.07443211125481351,False
1704,58359.26423610002,55.896995531722496,r,r,6590.280742857143,6590.280742857143,1.3173241043603713e-16,0.02822831836346218,1.2796513075607251e-17,0.09714020287984192,18.902135707259863,-0.3521388020559506,0.09714020287984192,False
1705,58360.22428240022,56.85704183192138,r,r,6226.195559183673,6226.195559183673,1.4709019353104034e-16,0.07611939913884846,9.331252857949361e-18,0.0634389868824273,18.7824080053214,-0.47186650399441277,0.0634389868824273,False
1706,58360.24222220015,56.87498163185228,r,r,6226.195559183673,6226.195559183673,1.5044765341500436e-16,0.08592109804323123,8.874897095174184e-18,0.05898993366611777,18.757903758060444,-0.49637075125536967,0.05898993366611777,False
1707,58360.26156250015,56.89432193185348,r,r,6226.195559183673,6226.195559183673,1.3898182840861e-16,0.051493700603886694,1.0184850952643462e-17,0.0732818892171986,18.843972251658805,-0.41030225765700834,0.0732818892171986,False
1708,58361.14524309989,57.77800253159512,r,r,6590.280742857143,6590.280742857143,1.280193252937214e-16,0.015811213741319108,5.9308621960518936e-18,0.04632786637833318,18.93317846881522,-0.32109604050059204,0.04632786637833318,False
1709,58361.24641200015,57.879171431857685,r,r,6590.280742857143,6590.280742857143,1.3629196999860395e-16,0.04300594874011132,8.038536015608362e-18,0.0589802613880385,18.865191631318243,-0.3890828779975699,0.0589802613880385,False
1710,58361.259884300176,57.892643731880526,r,r,6590.280742857143,6590.280742857143,1.386334552605161e-16,0.05040372736266363,8.52213368853187e-18,0.061472417841114284,18.84669718476186,-0.40757732455395157,0.061472417841114284,False
1711,58362.16006939998,58.79282883168344,r,r,6541.671114285715,6541.671114285715,1.307083829581969e-16,0.024839121628984273,5.870267638139991e-18,0.04491117941545813,18.91060869909606,-0.34366581021975406,0.04491117941545813,False
1712,58365.143090299796,61.775849731500784,r,r,6590.280742857143,6590.280742857143,1.3818261362865045e-16,0.048989082563757336,5.858544346709871e-18,0.04239711634384063,18.850233796759127,-0.40404071255668583,0.04239711634384063,False
1713,58367.16079859994,63.79355803164799,r,r,7098.518763265306,7098.518763265306,1.3158605266384883e-16,0.02774553885273434,6.315241551401791e-18,0.04799324414369946,18.903342656036685,-0.35093185327912835,0.04799324414369946,False
1714,58367.17770829983,63.81046773153503,r,r,7098.518763265306,7098.518763265306,1.3644019004179042e-16,0.04347799540443731,6.4619672860208305e-18,0.04736117183684358,18.864011514657427,-0.39026299465838576,0.04736117183684358,False
1715,58367.20484950021,63.837608931913564,r,r,7098.518763265306,7098.518763265306,1.4350210096201982e-16,0.0653939392221421,7.084183480023862e-18,0.04936640949876272,18.809221655113166,-0.44505285420264684,0.04936640949876272,False
1716,58368.139039400034,64.77179883173812,r,r,6226.195559183673,6226.195559183673,1.3458114893607274e-16,0.037519911366832304,5.494680391976021e-18,0.04082800923765366,18.878906724751438,-0.37536778456437503,0.04082800923765366,False
1717,58368.14190969989,64.77466913159151,r,r,6226.195559183673,6226.195559183673,1.317168968323571e-16,0.028177170212417835,6.748095411142838e-18,0.05123181287615276,18.902263577637477,-0.3520109316783362,0.05123181287615276,False
1718,58368.16047450015,64.79323393185769,r,r,6226.195559183673,6226.195559183673,1.2200469868476547e-16,-0.005087763554199043,6.929620196439665e-18,0.05679797803807826,18.98542591205402,-0.268848597261794,0.05679797803807826,False
1719,58368.185069399886,64.8178288315903,r,r,6226.195559183673,6226.195559183673,1.234570882879585e-16,5.1709756961670905e-05,6.8383238725746076e-18,0.05539028959296775,18.972577228776117,-0.2816972805396958,0.05539028959296775,False
1720,58369.13414350012,65.76690293182764,r,r,6590.280742857143,6590.280742857143,1.3307485248647205e-16,0.032631673187625054,6.823919451886351e-18,0.05127880530681068,18.891127320199455,-0.3631471891163578,0.05127880530681068,False
1721,58369.161006900016,65.79376633172069,r,r,6590.280742857143,6590.280742857143,1.3626720104194122e-16,0.04292701526530074,6.593671172068319e-18,0.048387808083317684,18.865388965005266,-0.388885544310547,0.048387808083317684,False
1722,58369.18108800007,65.81384743177478,r,r,6590.280742857143,6590.280742857143,1.445574595546836e-16,0.06857618710935576,5.928258272072464e-18,0.04100970154245071,18.80126603539513,-0.4530084739206828,0.04100970154245071,False
1723,58370.139907400124,66.77266683182825,r,r,6590.280742857143,6590.280742857143,1.2579574700125178e-16,0.008201638155892255,6.691795038912617e-18,0.05319571764891246,18.95220240777879,-0.3020721015370249,0.05319571764891246,False
1724,58370.1531134001,66.78587283180241,r,r,6590.280742857143,6590.280742857143,1.370357414371392e-16,0.04536953366273799,6.685673342373718e-18,0.04878780727027013,18.859282669011677,-0.3949918403041366,0.04878780727027013,False
1725,58372.13731480017,68.77007423187752,r,r,6226.195559183673,6226.195559183673,1.3319141831018245e-16,0.033011923356740525,5.395851880397257e-18,0.040512008572738095,18.89017669477667,-0.3640978145391429,0.040512008572738095,False
1726,58372.1567592998,68.789518731508,r,r,6226.195559183673,6226.195559183673,1.348373928631199e-16,0.03834602642447216,5.48036970192246e-18,0.040644287059791,18.87684143710734,-0.377433072208472,0.040644287059791,False
1727,58374.13259259984,70.76535203154344,r,r,6436.512595918368,6436.512595918368,1.1944856952883947e-16,-0.01428336707222222,5.755408435121948e-18,0.04818315077211847,19.008414920849077,-0.24585958846673606,0.04818315077211847,False
1728,58374.16028939979,70.79304883149598,r,r,6436.512595918368,6436.512595918368,1.3537480804567734e-16,0.04007353358536747,6.16742124365675e-18,0.04555811626027035,18.8725226692051,-0.38175184011071295,0.04555811626027035,False
1729,58375.12016199995,71.7529214316528,r,r,6260.0,6260.0,1.186662213914113e-16,-0.017137206603351274,9.617480301241981e-18,0.08104648642615382,19.0155495196769,-0.2387249896389143,0.08104648642615382,False
1730,58375.17717589997,71.80993533167202,r,r,6260.0,6260.0,1.3021708923977978e-16,0.02320366303421828,6.855794371889835e-18,0.05264896037774028,18.914697345582976,-0.3395771637328373,0.05264896037774028,False
1731,58376.11951390002,72.7522733317237,r,r,7103.3747102040825,7103.3747102040825,1.2832672343620825e-16,0.0168527853331657,9.946427788759896e-18,0.07750862425552622,18.930574539835604,-0.3236999694802094,0.07750862425552622,False
1732,58376.16450229986,72.79726173156087,r,r,7103.3747102040825,7103.3747102040825,1.2288014832104782e-16,-0.001982593343988981,6.712019191587425e-18,0.05462248608335819,18.977662986528493,-0.27661152278732004,0.05462248608335819,False
1733,58376.175763899926,72.80852333163057,r,r,7103.3747102040825,7103.3747102040825,1.2363703124648958e-16,0.000684248061874726,6.212707198081206e-18,0.05024956629454497,18.970995883013835,-0.2832786263019784,0.05024956629454497,False
1734,58377.141921299975,73.77468073167984,r,r,6590.280742857143,6590.280742857143,1.3523344237466526e-16,0.03961978292299406,6.307149988731335e-18,0.046638981290273815,18.873657045861034,-0.3806174634547794,0.046638981290273815,False
1735,58377.16118060006,73.79394003176276,r,r,6590.280742857143,6590.280742857143,1.3124128573610177e-16,0.02660615616099271,7.054559586848407e-18,0.05375259429440231,18.906191112766038,-0.34808339654977516,0.05375259429440231,False
1736,58377.17756940005,73.81032883175794,r,r,6590.280742857143,6590.280742857143,1.3046250745989995e-16,0.024021401066621095,6.782850222160482e-18,0.05199080068459757,18.912653000501965,-0.3416215088138479,0.05199080068459757,False
1737,58378.1363309999,74.76909043160413,r,r,6226.195559183673,6226.195559183673,1.2521736575868838e-16,0.0062002428991814185,6.187152246620273e-18,0.049411295383292066,18.957205895920566,-0.2970686133952469,0.049411295383292066,False
1738,58381.141423599795,77.77418303149898,r,r,6260.0,6260.0,1.1073665025468229e-16,-0.04717293812487888,8.925328121259857e-18,0.08059958560000298,19.09063884848072,-0.1636356608350944,0.08059958560000298,False
1739,58382.118483799975,78.75124323167984,r,r,5783.061224489797,5783.061224489797,1.3629106587626405e-16,0.04300306774392659,8.269342158428794e-18,0.060674132271710056,18.865198833808705,-0.3890756755071081,0.060674132271710056,False
1740,58382.14263889985,78.77539833155606,r,r,5783.061224489797,5783.061224489797,1.3337478243943687e-16,0.03360940377136501,7.844523111171893e-18,0.05881563941619888,18.888682993740108,-0.365591515575705,0.05881563941619888,False
1741,58383.11512729991,79.74788673161675,r,r,7103.3747102040825,7103.3747102040825,1.3504215842979076e-16,0.0390050505878623,1.1751053226660862e-17,0.08701766443380943,18.875193876698866,-0.37908063261694736,0.08701766443380943,False
1742,58383.13560190005,79.76836133175675,r,r,7103.3747102040825,7103.3747102040825,1.1895427311128337e-16,-0.01608427273093227,9.300254717911087e-18,0.07818344372724274,19.01291718499585,-0.2413573243199636,0.07818344372724274,False
1743,58383.15690970002,79.7896691317219,r,r,7103.3747102040825,7103.3747102040825,1.3787255568250896e-16,0.04801350574670593,1.0299691893366613e-17,0.07470443876506215,18.852672738801754,-0.4016017705140591,0.07470443876506215,False
1744,58389.11704860022,85.74980803192739,r,r,6590.280742857143,6590.280742857143,1.0731507149960882e-16,-0.06080360098356685,6.484122635056401e-18,0.06042136062016263,19.124715505627435,-0.12955900368837803,0.06042136062016263,False
1745,58198.36270829989,-105.0045322684091,r,r,6260.0,6260.0,2.3541503838105006e-17,-0.7196301179905742,2.3541503838105004e-19,0.01,20.771781798144957,1.5175072888291439,0.01,True
1746,58198.3874884001,-104.97975216819759,r,r,6260.0,6260.0,2.136755300526979e-17,-0.7617095302797647,2.136755300526979e-19,0.01,20.876980328867933,1.6227058195521202,0.01,True
1747,58198.40531249996,-104.96192806833278,r,r,6260.0,6260.0,1.9520004925084367e-17,-0.8009843973344761,1.9520004925084368e-19,0.01,20.97516749650471,1.720892987188897,0.01,True
1748,58198.4298843001,-104.93735626819398,r,r,6260.0,6260.0,1.8815882619098252e-17,-0.8169397251377095,1.8815882619098253e-19,0.01,21.01505581601279,1.7607813066969769,0.01,True
1749,58198.47700229986,-104.89023826843913,r,r,6260.0,6260.0,2.6558050499280273e-17,-0.6672681278771275,2.6558050499280274e-19,0.01,20.640876822861337,1.3866023135455237,0.01,True
1750,58198.482430600096,-104.88480996819999,r,r,6260.0,6260.0,2.2156960998509865e-17,-0.7459541270051755,2.2156960998509866e-19,0.01,20.837591820681453,1.58331731136564,0.01,True
1751,58214.35151620023,-89.015724368066,r,r,7087.163265306122,7087.163265306122,6.276532287962838e-17,-0.2937445529619698,6.276532287962837e-19,0.01,19.70706788557344,0.4527933762576275,0.01,True
1752,58216.39614580013,-86.97109476816695,r,r,6260.0,6260.0,3.2242486627974133e-17,-0.5830357918493707,3.224248662797413e-19,0.01,20.430295982791943,1.1760214734761298,0.01,True
1753,58217.37498839991,-85.99225216838386,r,r,6260.0,6260.0,2.1808041437835524e-17,-0.7528476565400108,2.1808041437835527e-19,0.01,20.85482564451854,1.6005511352027284,0.01,True
1754,58217.3895717999,-85.97766876839887,r,r,6260.0,6260.0,2.2706334507101486e-17,-0.7353172887003456,2.2706334507101486e-19,0.01,20.81099972491938,1.5567252156035671,0.01,True
1755,58217.40346059995,-85.96377996834781,r,r,6260.0,6260.0,2.2031277773928867e-17,-0.7484246340727356,2.2031277773928867e-19,0.01,20.843768088350355,1.5894935790345421,0.01,True
1756,58217.404374999925,-85.96286556837003,r,r,6260.0,6260.0,2.2894904063620893e-17,-0.7317254921958583,2.2894904063620894e-19,0.01,20.802020233658162,1.5477457243423487,0.01,True
1757,58217.436122700106,-85.93111786818918,r,r,6260.0,6260.0,2.338103042492558e-17,-0.7226006732107866,2.338103042492558e-19,0.01,20.779208186195483,1.5249336768796695,0.01,True
1758,58217.4385532001,-85.92868736819219,r,r,6260.0,6260.0,2.283206951181237e-17,-0.7329190422677403,2.2832069511812373e-19,0.01,20.80500410883787,1.5507295995220574,0.01,True
1759,58217.43946760008,-85.92777296821441,r,r,6260.0,6260.0,2.5748172816368847e-17,-0.6807179048810763,2.5748172816368845e-19,0.01,20.674501265371205,1.420226756055392,0.01,True
1760,58217.46159720002,-85.9056433682781,r,r,6260.0,6260.0,2.5773876318872912e-17,-0.6802845801039528,2.577387631887291e-19,0.01,20.6734179534284,1.4191434441125885,0.01,True
1761,58218.34509260021,-85.02214796808403,r,r,6260.0,6260.0,2.806584017297074e-17,-0.6432862725450885,2.8065840172970743e-19,0.01,20.58092218453124,1.3266476752154261,0.01,True
1762,58218.366504599806,-85.00073596848961,r,r,6260.0,6260.0,2.2860026820369757e-17,-0.7323875846492403,2.286002682036976e-19,0.01,20.803675464791617,1.5494009554758037,0.01,True
1763,58218.38474539993,-84.98249516836222,r,r,6260.0,6260.0,2.24469398503947e-17,-0.7403071774269261,2.2446939850394703e-19,0.01,20.82347444673583,1.5691999374200165,0.01,True
1764,58218.39700229978,-84.97023826851364,r,r,6260.0,6260.0,2.1823535017125496e-17,-0.752539220456784,2.1823535017125497e-19,0.01,20.854054554310476,1.599780044994663,0.01,True
1765,58218.397916700225,-84.9693238680702,r,r,6260.0,6260.0,2.4432851979584126e-17,-0.7034901563095683,2.4432851979584126e-19,0.01,20.731431893942442,1.4771573846266293,0.01,True
1766,58218.398831000086,-84.96840956820961,r,r,6260.0,6260.0,2.2891845547602205e-17,-0.7317835132016288,2.2891845547602203e-19,0.01,20.80216528617259,1.5478907768567751,0.01,True
1767,58218.43663189979,-84.93060866850283,r,r,6260.0,6260.0,2.910610297686027e-17,-0.6274802587034625,2.910610297686027e-19,0.01,20.541407149927174,1.287132640611361,0.01,True
1768,58218.43901620014,-84.92822436815914,r,r,6260.0,6260.0,2.690192603595397e-17,-0.6616809459329946,2.690192603595397e-19,0.01,20.626908868001006,1.3726343586851932,0.01,True
1769,58218.439930600114,-84.92730996818136,r,r,6260.0,6260.0,2.834552473845869e-17,-0.638979819087437,2.834552473845869e-19,0.01,20.570156050887107,1.3158815415712937,0.01,True
1770,58218.440844899975,-84.92639566832077,r,r,6260.0,6260.0,2.6859579560761837e-17,-0.6623651099683325,2.6859579560761837e-19,0.01,20.62861927808935,1.3743447687735362,0.01,True
1771,58218.4598842999,-84.90735626839887,r,r,6260.0,6260.0,2.9337563219263443e-17,-0.624040281776713,2.933756321926344e-19,0.01,20.532807207610297,1.2785326982944838,0.01,True
1772,58219.352638899814,-84.01460166848119,r,r,6260.0,6260.0,2.7354254291945853e-17,-0.6544394403280211,2.735425429194585e-19,0.01,20.60880510398857,1.354530594672756,0.01,True
1773,58219.37354170019,-83.99369886810746,r,r,6260.0,6260.0,2.7518295999306784e-17,-0.6518427824301778,2.7518295999306783e-19,0.01,20.60231345924396,1.3480389499281458,0.01,True
1774,58219.374525499996,-83.99271506829973,r,r,6260.0,6260.0,2.949446431483378e-17,-0.6217238074201443,2.9494464314833777e-19,0.01,20.52701602171888,1.2727415124030657,0.01,True
1775,58219.39320599986,-83.97403456843313,r,r,6260.0,6260.0,2.461683332669033e-17,-0.7002321350582594,2.461683332669033e-19,0.01,20.72328684081417,1.4690123314983552,0.01,True
1776,58219.39461810002,-83.9726224682745,r,r,6260.0,6260.0,3.040614107651907e-17,-0.6085030140574563,3.040614107651907e-19,0.01,20.493964038312157,1.2396895289963439,0.01,True
1777,58219.415983799845,-83.95125676845055,r,r,6260.0,6260.0,3.255121778483413e-17,-0.5788970794930517,3.2551217784834127e-19,0.01,20.41994920190115,1.1656746925853376,0.01,True
1778,58219.43842589995,-83.9288146683466,r,r,6260.0,6260.0,5.683359481181866e-17,-0.3368591935379204,5.683359481181866e-19,0.01,19.814854487013317,0.560579977697504,0.01,True
1779,58219.476712999865,-83.89052756843012,r,r,6260.0,6260.0,3.7783775819321006e-17,-0.5141589644443183,3.7783775819321007e-19,0.01,20.258103914279317,1.0038294049635041,0.01,True
1780,58222.34870370012,-81.01853686817776,r,r,6260.0,6260.0,2.842088901311721e-17,-0.6378266615887096,2.8420889013117213e-19,0.01,20.567273157140292,1.3129986478244788,0.01,True
1781,58222.3684605998,-80.99877996849682,r,r,6260.0,6260.0,2.869125826938744e-17,-0.6337147253778799,2.869125826938744e-19,0.01,20.556993316613216,1.3027188072974027,0.01,True
1782,58222.39432869991,-80.97291186838265,r,r,6260.0,6260.0,2.8587703506124526e-17,-0.6352850510215173,2.8587703506124525e-19,0.01,20.56091913072231,1.3066446214064982,0.01,True
1783,58222.39524309989,-80.97199746840488,r,r,6260.0,6260.0,2.7634775613003584e-17,-0.6500083776649017,2.7634775613003584e-19,0.01,20.597727447330776,1.3434529380149627,0.01,True
1784,58222.39859949984,-80.96864106845896,r,r,6260.0,6260.0,3.0319870866651315e-17,-0.6097369729526587,3.0319870866651317e-19,0.01,20.49704893555017,1.2427744262343552,0.01,True
1785,58222.399513899814,-80.96772666848119,r,r,6260.0,6260.0,3.0042344071487246e-17,-0.6137305045063872,3.0042344071487245e-19,0.01,20.507032764434484,1.2527582551186711,0.01,True
1786,58222.40042820014,-80.96681236815493,r,r,6260.0,6260.0,2.86360350355686e-17,-0.634551435145811,2.86360350355686e-19,0.01,20.559085091033047,1.3048105817172342,0.01,True
1787,58222.43748839991,-80.92975216838386,r,r,6260.0,6260.0,2.5608218676443394e-17,-0.6830849505159637,2.5608218676443397e-19,0.01,20.68041887945843,1.426144370142616,0.01,True
1788,58222.45829859981,-80.9089419684824,r,r,6260.0,6260.0,2.5819516944384878e-17,-0.6795162074218251,2.5819516944384877e-19,0.01,20.671497021723077,1.417222512407264,0.01,True
1789,58224.39285880001,-78.97438176828291,r,r,6260.0,6260.0,1.4985518481222836e-16,0.08420745337541646,1.4985518481222837e-18,0.01,18.762187869729978,-0.49208663958583543,0.01,True
1790,58224.39377309987,-78.97346746842231,r,r,6260.0,6260.0,1.9652395154081844e-16,0.20195116774242905,1.9652395154081846e-18,0.01,18.467828583812448,-0.7864459255033651,0.01,True
1791,58224.416539399885,-78.95070116841089,r,r,6260.0,6260.0,4.042484073652044e-17,-0.48481600266862124,4.0424840736520443e-19,0.01,20.18474650984007,0.9304720005242579,0.01,True
1792,58224.417951399926,-78.94928916836943,r,r,6260.0,6260.0,4.456681959568698e-17,-0.44245267743512606,4.456681959568698e-19,0.01,20.078838196756337,0.8245636874405236,0.01,True
1793,58224.41886569979,-78.94837486850884,r,r,6260.0,6260.0,3.958128930858504e-17,-0.49397438356790424,3.9581289308585038e-19,0.01,20.20764246208828,0.9533679527724672,0.01,True
1794,58224.45596060017,-78.91127996812429,r,r,6260.0,6260.0,1.2616446814112348e-16,0.009472740981625094,1.2616446814112348e-18,0.01,18.949024650714456,-0.305249858601357,0.01,True
1795,58226.34531249991,-77.02192806838866,r,r,6260.0,6260.0,1.9838335663237678e-17,-0.7939590860220118,1.983833566323768e-19,0.01,20.95760421822355,1.703329708907738,0.01,True
1796,58226.36768520018,-76.99955536811467,r,r,6260.0,6260.0,2.5618562217459228e-17,-0.6829095679223602,2.5618562217459228e-19,0.01,20.67998042297442,1.4257059136586072,0.01,True
1797,58226.369606500026,-76.99763406826969,r,r,6260.0,6260.0,2.5321230380368996e-17,-0.6879795156412758,2.5321230380368996e-19,0.01,20.692655292271706,1.4383807829558926,0.01,True
1798,58226.37236109981,-76.9948794684824,r,r,6260.0,6260.0,2.481835901879871e-17,-0.6966912575287854,2.481835901879871e-19,0.01,20.71443464699048,1.4601601376746665,0.01,True
1799,58226.38571760012,-76.98152296817716,r,r,6260.0,6260.0,2.581697559313077e-17,-0.679558956058413,2.581697559313077e-19,0.01,20.671603893314554,1.4173293839987409,0.01,True
1800,58226.38663189998,-76.98060866831656,r,r,6260.0,6260.0,2.6882148586626038e-17,-0.6620003429871115,2.6882148586626036e-19,0.01,20.627707360636293,1.37343285132048,0.01,True
1801,58226.38754629996,-76.97969426833879,r,r,6260.0,6260.0,2.810038738565175e-17,-0.642752013208943,2.810038738565175e-19,0.01,20.579586536190874,1.3253120268750607,0.01,True
1802,58226.40261569992,-76.96462486837845,r,r,6260.0,6260.0,2.911931789474112e-17,-0.6272831226097377,2.9119317894741123e-19,0.01,20.540914309692866,1.2866398003770527,0.01,True
1803,58226.43584490009,-76.931395668209,r,r,6260.0,6260.0,2.5420508836254362e-17,-0.6862800807679061,2.542050883625436e-19,0.01,20.688406705088283,1.4341321957724702,0.01,True
1804,58226.465057900175,-76.90218266812008,r,r,6260.0,6260.0,2.495146493091949e-17,-0.6943682715754829,2.4951464930919488e-19,0.01,20.70862718210723,1.4543526727914156,0.01,True
1805,58227.404097199906,-75.96314336838986,r,r,7098.518763265306,7098.518763265306,4.006592488978904e-17,-0.48868914770874916,4.006592488978904e-19,0.01,20.19442937244039,0.940154863124576,0.01,True
1806,58229.38548609987,-73.98175446842652,r,r,6590.280742857143,6590.280742857143,2.2465262769743555e-17,-0.7399528174649195,2.2465262769743554e-19,0.01,20.822588546830815,1.5683140375150018,0.01,True
1807,58229.389259300195,-73.97798126810085,r,r,6590.280742857143,6590.280742857143,2.412091792032901e-17,-0.7090704894043771,2.412091792032901e-19,0.01,20.74538272667946,1.4911082173636458,0.01,True
1808,58229.390173600055,-73.97706696824025,r,r,6590.280742857143,6590.280742857143,2.3703211177623657e-17,-0.7166571344742518,2.3703211177623657e-19,0.01,20.764349339354144,1.5100748300383309,0.01,True
1809,58229.41068289988,-73.9565576684181,r,r,6590.280742857143,6590.280742857143,2.7462303065507557e-17,-0.6527273646644662,2.7462303065507556e-19,0.01,20.604524914829682,1.3502504055138687,0.01,True
1810,58229.43579859985,-73.93144196844514,r,r,6590.280742857143,6590.280742857143,2.7879693620637026e-17,-0.6461763233982705,2.7879693620637025e-19,0.01,20.588147311664198,1.3338728023483846,0.01,True
1811,58230.28568289988,-73.0815576684181,r,r,7103.3747102040825,7103.3747102040825,4.731753662214062e-17,-0.4164421933150688,4.731753662214062e-19,0.01,20.01381198645619,0.7595374771403769,0.01,True
1812,58230.43313660007,-72.93410396822583,r,r,7103.3747102040825,7103.3747102040825,3.797426017640099e-17,-0.5119749986533204,3.797426017640099e-19,0.01,20.25264399980182,0.9983694904860059,0.01,True
1813,58230.43412039988,-72.9331201684181,r,r,7103.3747102040825,7103.3747102040825,3.767018347570995e-17,-0.5154665847666084,3.7670183475709955e-19,0.01,20.261372965085037,1.0070984557692242,0.01,True
1814,58230.442256900016,-72.92498366827931,r,r,7103.3747102040825,7103.3747102040825,3.837161629282814e-17,-0.5074542272652334,3.8371616292828143e-19,0.01,20.2413420713316,0.9870675620157883,0.01,True
1815,58231.28524310002,-72.0819974682745,r,r,6590.280742857143,6590.280742857143,2.780482549460097e-17,-0.6473441464886687,2.780482549460097e-19,0.01,20.59106686939019,1.3367923600743765,0.01,True
1816,58231.32849540003,-72.03874516826909,r,r,6590.280742857143,6590.280742857143,3.22750252572179e-17,-0.5825977294407476,3.2275025257217896e-19,0.01,20.429200826770387,1.1749263174545739,0.01,True
1817,58231.34959489992,-72.01764566837664,r,r,6590.280742857143,6590.280742857143,3.794447064407289e-17,-0.5123158217949264,3.794447064407289e-19,0.01,20.253496057655838,0.9992215483400244,0.01,True
1818,58231.36693290016,-72.0003076681387,r,r,6590.280742857143,6590.280742857143,3.327983234881261e-17,-0.5692831904286972,3.327983234881261e-19,0.01,20.39591447924026,1.141639969924448,0.01,True
1819,58231.36784720002,-71.9993933682781,r,r,6590.280742857143,6590.280742857143,3.471680417472264e-17,-0.5509245804989913,3.471680417472264e-19,0.01,20.350017954415993,1.0957434451001795,0.01,True
1820,58232.36927080015,-70.99796976814832,r,r,7098.518763265306,7098.518763265306,3.703966204340316e-17,-0.5227973047955015,3.703966204340316e-19,0.01,20.279699765157268,1.025425255841455,0.01,True
1821,58232.370185200125,-70.99705536817055,r,r,7098.518763265306,7098.518763265306,5.0226429940217865e-17,-0.39053201033560647,5.022642994021787e-19,0.01,19.949036529007536,0.6947620196917228,0.01,True
1822,58232.371099499986,-70.99614106830995,r,r,7098.518763265306,7098.518763265306,4.2147363199825785e-17,-0.4666939105239063,4.2147363199825785e-19,0.01,20.139441279478287,0.8851667701624741,0.01,True
1823,58232.39388890006,-70.97335166823905,r,r,7098.518763265306,7098.518763265306,3.202174683188071e-17,-0.5860193006300047,3.202174683188071e-19,0.01,20.437754754743533,1.1834802454277202,0.01,True
1824,58232.414745400194,-70.95249516810145,r,r,7098.518763265306,7098.518763265306,8.416378338894827e-17,-0.16633907028563577,8.416378338894827e-19,0.01,19.388554178882607,0.13427966956679427,0.01,True
1825,58242.32021989999,-61.04702066830214,r,r,7103.3747102040825,7103.3747102040825,2.822281934121757e-17,-0.64086392446014,2.8222819341217572e-19,0.01,20.574866314318868,1.3205918050030547,0.01,True
1826,58242.34778939979,-61.01945116850402,r,r,7103.3747102040825,7103.3747102040825,2.6366059266101846e-17,-0.6704190962837391,2.6366059266101846e-19,0.01,20.648754243877864,1.3944797345620508,0.01,True
1827,58242.34870370012,-61.01853686817776,r,r,7103.3747102040825,7103.3747102040825,2.5942067277159132e-17,-0.6774597389606303,2.5942067277159135e-19,0.01,20.666355850570092,1.4120813412542788,0.01,True
1828,58242.349618100096,-61.01762246819999,r,r,7103.3747102040825,7103.3747102040825,3.194297498762388e-17,-0.5870889588294315,3.1942974987623876e-19,0.01,20.440428900242093,1.18615439092628,0.01,True
1829,58242.37028940022,-60.99695116807561,r,r,7103.3747102040825,7103.3747102040825,2.7742129070092867e-17,-0.6483245322893065,2.774212907009287e-19,0.01,20.59351783389178,1.3392433245759676,0.01,True
1830,58243.28938659979,-60.077853968505224,r,r,6590.280742857143,6590.280742857143,2.5389512827506032e-17,-0.6868099525053903,2.538951282750603e-19,0.01,20.689731384431994,1.4354568751161807,0.01,True
1831,58243.29995370004,-60.06728686825227,r,r,6590.280742857143,6590.280742857143,2.690257996966861e-17,-0.661670389203648,2.690257996966861e-19,0.01,20.626882476177634,1.3726079668618212,0.01,True
1832,58243.30986109981,-60.057379468482395,r,r,6590.280742857143,6590.280742857143,2.883337606912035e-17,-0.6315688238006256,2.883337606912035e-19,0.01,20.551628562670082,1.297354053354269,0.01,True
1833,58243.32839119993,-60.038849368364026,r,r,6590.280742857143,6590.280742857143,2.638427596528759e-17,-0.6701191394317245,2.638427596528759e-19,0.01,20.648004351747826,1.3937298424320126,0.01,True
1834,58244.309178200085,-59.05806236821081,r,r,6981.809224489796,6981.809224489796,2.5151506517372684e-17,-0.6909003168305237,2.5151506517372683e-19,0.01,20.69995729524483,1.4456827859290158,0.01,True
1835,58244.32398150023,-59.0432590680648,r,r,6981.809224489796,6981.809224489796,3.014503471395941e-17,-0.6122485319219475,3.014503471395941e-19,0.01,20.50332783297339,1.2490533236575772,0.01,True
1836,58244.325381900184,-59.04185866811167,r,r,6981.809224489796,6981.809224489796,2.5420658414451768e-17,-0.686277525319662,2.542065841445177e-19,0.01,20.688400316467675,1.4341258071518617,0.01,True
1837,58244.342777799815,-59.02446276848059,r,r,6981.809224489796,6981.809224489796,4.63045953221571e-17,-0.42584022719313275,4.63045953221571e-19,0.01,20.037307071151353,0.7830325618355403,0.01,True
1838,58246.26802079985,-57.099219768446346,r,r,7103.3747102040825,7103.3747102040825,3.1455013931990256e-17,-0.5937744383639352,3.1455013931990257e-19,0.01,20.45714259907836,1.2028680897625463,0.01,True
1839,58246.391342599876,-56.975897968419304,r,r,7103.3747102040825,7103.3747102040825,3.491681814930397e-17,-0.5484296591819398,3.491681814930397e-19,0.01,20.343780651123367,1.0895061418075542,0.01,True
1840,58246.3922569002,-56.974983668093046,r,r,7103.3747102040825,7103.3747102040825,3.4648402512652365e-17,-0.5517811042646574,3.4648402512652364e-19,0.01,20.352159263830163,1.0978847545143502,0.01,True
1841,58246.403680600226,-56.9635599680696,r,r,7103.3747102040825,7103.3747102040825,3.72459235031447e-17,-0.5203855732775065,3.72459235031447e-19,0.01,20.27367043636228,1.0193959270464674,0.01,True
1842,58247.262337999884,-56.10490256841149,r,r,6590.280742857143,6590.280742857143,2.0332775280749915e-17,-0.7832676594171186,2.0332775280749916e-19,0.01,20.930875651711318,1.676601142395505,0.01,True
1843,58247.286041699816,-56.08119886847999,r,r,6590.280742857143,6590.280742857143,2.2989705821243904e-17,-0.7299309062160386,2.29897058212439e-19,0.01,20.79753376870861,1.5432592593927978,0.01,True
1844,58247.403483800124,-55.96375676817115,r,r,6590.280742857143,6590.280742857143,2.7671729995534383e-17,-0.6494280088049624,2.7671729995534386e-19,0.01,20.596276525180922,1.3420020158651091,0.01,True
1845,58248.28673609998,-55.08050446831476,r,r,6590.280742857143,6590.280742857143,3.012525432722247e-17,-0.6125335981877615,3.0125254327222474e-19,0.01,20.50404049863792,1.249765989322107,0.01,True
1846,58248.3024420999,-55.064798468396475,r,r,6590.280742857143,6590.280742857143,3.074546691462045e-17,-0.6036832274178838,3.074546691462045e-19,0.01,20.48191457171323,1.2276400623974162,0.01,True
1847,58249.267268499825,-54.09997206847038,r,r,7098.518763265306,7098.518763265306,4.0159112421599646e-17,-0.48768021457750343,4.015911242159965e-19,0.01,20.191907039612275,0.9376325302964617,0.01,True
1848,58249.28293980006,-54.08430076823424,r,r,7098.518763265306,7098.518763265306,5.016760700125853e-17,-0.39104093460045597,5.016760700125853e-19,0.01,19.950308839669656,0.696034330353843,0.01,True
1849,58249.41046300018,-53.956777568113466,r,r,7098.518763265306,7098.518763265306,4.039446246373666e-17,-0.48514248696973716,4.039446246373666e-19,0.01,20.185562720592863,0.9312882112770495,0.01,True
1850,58252.39086809987,-50.976372468423506,r,r,6260.0,6260.0,1.8828223729036294e-17,-0.8166549700108856,1.8828223729036295e-19,0.01,21.014343928195732,1.7600694188799189,0.01,True
1851,58254.36901619984,-48.99822436845716,r,r,7098.518763265306,7098.518763265306,2.2400094066766356e-17,-0.7412144781312424,2.2400094066766355e-19,0.01,20.825742698496626,1.5714681891808127,0.01,True
1852,58255.280532400124,-48.086708168171754,r,r,6590.280742857143,6590.280742857143,2.800881940372569e-17,-0.644169516925329,2.8008819403725695e-19,0.01,20.583130295481837,1.3288557861660237,0.01,True
1853,58255.3052662001,-48.06197436819639,r,r,6590.280742857143,6590.280742857143,2.844858769993985e-17,-0.6374036090660002,2.8448587699939846e-19,0.01,20.56621552583352,1.3119410165177072,0.01,True
1854,58255.30709489994,-48.06014566835802,r,r,6590.280742857143,6590.280742857143,2.8614810200587084e-17,-0.6348734506233509,2.8614810200587083e-19,0.01,20.55989012972689,1.3056156204110785,0.01,True
1855,58255.323356499895,-48.043884068400075,r,r,6590.280742857143,6590.280742857143,3.0787967074859124e-17,-0.6030833067955488,3.0787967074859127e-19,0.01,20.48041477015739,1.2261402608415786,0.01,True
1856,58256.260937499814,-47.10630306848179,r,r,6260.0,6260.0,2.1001529775239632e-17,-0.7692133898532543,2.1001529775239632e-19,0.01,20.895739977801654,1.6414654684858405,0.01,True
1857,58257.25341439992,-46.113826168373635,r,r,6260.0,6260.0,2.4342617244995476e-17,-0.70509704980085,2.4342617244995475e-19,0.01,20.73544912767064,1.481174618354828,0.01,True
1858,58257.302488400135,-46.06475216816034,r,r,6260.0,6260.0,2.6560875241963894e-17,-0.667221938307426,2.6560875241963893e-19,0.01,20.640761348937087,1.3864868396212735,0.01,True
1859,58257.30340280011,-46.063837768182566,r,r,6260.0,6260.0,2.525041769213949e-17,-0.6891957536330491,2.5250417692139494e-19,0.01,20.69569588725114,1.4414213779353275,0.01,True
1860,58257.32650459977,-46.04073596852686,r,r,6260.0,6260.0,2.6612121324799908e-17,-0.6663848255124929,2.6612121324799907e-19,0.01,20.638668566949747,1.3843940576339335,0.01,True
1861,58257.35232640011,-46.01491416818317,r,r,6260.0,6260.0,2.7162719283270583e-17,-0.6574910748615199,2.716271928327058e-19,0.01,20.616434190322316,1.3621596810065029,0.01,True
1862,58257.369085600134,-45.99815496816154,r,r,6260.0,6260.0,2.6393906882090727e-17,-0.6699606400729348,2.6393906882090727e-19,0.01,20.647608103350855,1.3933335940350418,0.01,True
1863,58257.38624999998,-45.980990568314155,r,r,6260.0,6260.0,2.249091907353917e-17,-0.7394571173446121,2.249091907353917e-19,0.01,20.821349296530045,1.5670747872142314,0.01,True
1864,58258.24174770014,-45.12549286815192,r,r,6590.280742857143,6590.280742857143,2.5728303001818792e-17,-0.6810531784640848,2.5728303001818794e-19,0.01,20.675339449328728,1.421064940012915,0.01,True
1865,58258.26282409998,-45.10441646831896,r,r,6590.280742857143,6590.280742857143,2.590615257345007e-17,-0.6780614012811359,2.590615257345007e-19,0.01,20.667860006371356,1.4135854970555428,0.01,True
1866,58258.38603009982,-44.98121046847518,r,r,6590.280742857143,6590.280742857143,2.9722474084651446e-17,-0.6183793631818535,2.9722474084651445e-19,0.01,20.518654911123154,1.2643804018073403,0.01,True
1867,58258.387060199864,-44.98018036843132,r,r,6590.280742857143,6590.280742857143,2.910716737428675e-17,-0.6274643770350341,2.910716737428675e-19,0.01,20.5413674457561,1.2870929364402883,0.01,True
1868,58258.38800929999,-44.97923126830574,r,r,6590.280742857143,6590.280742857143,2.882153907342616e-17,-0.6317471517704707,2.8821539073426162e-19,0.01,20.552074382594697,1.2977998732788834,0.01,True
1869,58261.307384300046,-42.05985626824986,r,r,7098.518763265306,7098.518763265306,3.625050329406785e-17,-0.5321502796432522,3.625050329406785e-19,0.01,20.30308220227665,1.0488076929608354,0.01,True
1870,58261.31016199989,-42.057078568403085,r,r,7098.518763265306,7098.518763265306,4.6424772322561074e-17,-0.42471453770179757,4.642477232256108e-19,0.01,20.03449284742301,0.780218338107197,0.01,True
1871,58261.32468750002,-42.0425530682769,r,r,7098.518763265306,7098.518763265306,4.502829523446281e-17,-0.4379788153015607,4.502829523446281e-19,0.01,20.067653541422416,0.813379032106603,0.01,True
1872,58261.35091440007,-42.01632616822462,r,r,7098.518763265306,7098.518763265306,4.34190745997251e-17,-0.4537837572384813,4.34190745997251e-19,0.01,20.10716589626472,0.8528913869489081,0.01,True
1873,58262.32142359996,-41.045816968333384,r,r,7103.3747102040825,7103.3747102040825,3.861476177969858e-17,-0.5047109602874666,3.861476177969858e-19,0.01,20.23448390388718,0.9802093945713679,0.01,True
1874,58262.35006939992,-41.01717116837244,r,r,7103.3747102040825,7103.3747102040825,3.9600117015740677e-17,-0.49376785100279186,3.960011701574068e-19,0.01,20.2071261306755,0.952851621359688,0.01,True
1875,58263.36633099988,-40.0009095684145,r,r,7103.3747102040825,7103.3747102040825,4.236149501240673e-17,-0.4644930415121973,4.2361495012406733e-19,0.01,20.133939106949015,0.8796645976332016,0.01,True
1876,58263.39068289986,-39.976557668436726,r,r,7103.3747102040825,7103.3747102040825,4.3201099477018436e-17,-0.4559695204008509,4.320109947701844e-19,0.01,20.112630304170647,0.8583557948548339,0.01,True
1877,58266.26428239979,-37.10295816850703,r,r,7098.518763265306,7098.518763265306,4.683362597685404e-17,-0.4209065369893761,4.683362597685404e-19,0.01,20.02497284564196,0.770698336326145,0.01,True
1878,58266.287419000175,-37.07982156812068,r,r,7098.518763265306,7098.518763265306,4.760778052603274e-17,-0.4137863850971808,4.760778052603274e-19,0.01,20.007172465911474,0.7528979565956604,0.01,True
1879,58266.288333300035,-37.07890726826008,r,r,7098.518763265306,7098.518763265306,4.449566765713125e-17,-0.44314659250124855,4.449566765713125e-19,0.01,20.080572984421643,0.8262984751058298,0.01,True
1880,58266.326261600014,-37.040978968281706,r,r,7098.518763265306,7098.518763265306,4.536966713408155e-17,-0.43469872727428616,4.536966713408155e-19,0.01,20.05945332135423,0.8051788120384167,0.01,True
1881,58267.30597219989,-36.06126836840849,r,r,6590.280742857143,6590.280742857143,4.9735548306079775e-17,-0.3947974100884952,4.973554830607978e-19,0.01,19.959700028389754,0.7054255190739411,0.01,True
1882,58267.3277431,-36.03949746829312,r,r,6590.280742857143,6590.280742857143,9.044519928115604e-16,0.8649211997540664,9.044519928115604e-18,0.01,16.810403503783355,-2.4438710055324577,0.01,True
1883,58269.342395800166,-34.0248447681297,r,r,6248.218097959184,6248.218097959184,7.19574820017956e-17,-0.23438836250909212,7.19574820017956e-19,0.01,19.558677409441252,0.3044029001254387,0.01,True
1884,58269.34806710016,-34.019173468135705,r,r,6248.218097959184,6248.218097959184,1.1676753044858188e-16,-0.024142224960392866,1.1676753044858187e-18,0.01,19.033062065569503,-0.22121244374631033,0.01,True
1885,58269.36686340021,-34.00037716808583,r,r,6248.218097959184,6248.218097959184,3.9369228151334676e-17,-0.49630741987633975,3.936922815133468e-19,0.01,20.213475052859366,0.9592005435435524,0.01,True
1886,58269.39373840019,-33.97350216810446,r,r,6248.218097959184,6248.218097959184,3.781773940555209e-17,-0.5137687553583188,3.781773940555209e-19,0.01,20.25712839156431,1.0028538822484983,0.01,True
1887,58270.31274309987,-33.054497468423506,r,r,7103.3747102040825,7103.3747102040825,3.674380793409525e-17,-0.526280157954444,3.674380793409525e-19,0.01,20.288406898054628,1.034132388738815,0.01,True
1888,58270.33123840019,-33.03600216810446,r,r,7103.3747102040825,7103.3747102040825,3.205303195955925e-17,-0.585595203671657,3.2053031959559255e-19,0.01,20.436694512347664,1.1824200030318508,0.01,True
1889,58270.34741900023,-33.0198215680648,r,r,7103.3747102040825,7103.3747102040825,3.450066367940419e-17,-0.5536368706894006,3.450066367940419e-19,0.01,20.356798679892023,1.1025241705762099,0.01,True
1890,58271.38900459977,-31.97823596852686,r,r,6260.0,6260.0,3.738470534052472e-17,-0.5187703582760701,3.738470534052472e-19,0.01,20.269632398858697,1.0153578895428836,0.01,True
1891,58272.28097219998,-31.08626836831536,r,r,5931.423375510204,5931.423375510204,2.760777378641889e-17,-0.6504329324817402,2.760777378641889e-19,0.01,20.598788834372865,1.3445143250570517,0.01,True
1892,58272.30101849977,-31.06622206852626,r,r,5931.423375510204,5931.423375510204,2.6742309893042986e-17,-0.6642654030871373,2.674230989304299e-19,0.01,20.63337001088636,1.3790955015705464,0.01,True
1893,58272.301921300124,-31.06531926817115,r,r,5931.423375510204,5931.423375510204,2.599004485423496e-17,-0.6766572912244637,2.599004485423496e-19,0.01,20.664349731229674,1.4100752219138606,0.01,True
1894,58272.31865740009,-31.048583168209007,r,r,5931.423375510204,5931.423375510204,2.4996412438767777e-17,-0.6935866383637848,2.499641243876778e-19,0.01,20.706673099077978,1.452398589762165,0.01,True
1895,58273.325104199816,-30.042136368479987,r,r,6590.280742857143,6590.280742857143,2.325422704144224e-17,-0.7249624118797957,2.325422704144224e-19,0.01,20.785112532868006,1.5308380235521923,0.01,True
1896,58273.34673610004,-30.020504468258878,r,r,6590.280742857143,6590.280742857143,2.28592732159306e-17,-0.7324019018522261,2.28592732159306e-19,0.01,20.80371125779908,1.5494367484832665,0.01,True
1897,58273.37060189992,-29.996638668373635,r,r,6590.280742857143,6590.280742857143,2.496609693676931e-17,-0.6941136678110364,2.496609693676931e-19,0.01,20.707990672696113,1.4537161633802995,0.01,True
1898,58274.30545140011,-29.061789168183168,r,r,6590.280742857143,6590.280742857143,1.8676792835296728e-17,-0.8201620186644671,1.8676792835296728e-19,0.01,21.023111549829686,1.7688370405138727,0.01,True
1899,58274.321909700055,-29.045330868240853,r,r,6590.280742857143,6590.280742857143,2.2602103124856323e-17,-0.7373154681287719,2.2602103124856324e-19,0.01,20.815995173490446,1.5617206641746328,0.01,True
1900,58274.34685190022,-29.02038866807561,r,r,6590.280742857143,6590.280742857143,2.0270598882207828e-17,-0.7845977403995317,2.027059888220783e-19,0.01,20.934200854167344,1.6799263448515305,0.01,True
1901,58276.28793979995,-27.079300768346002,r,r,6590.280742857143,6590.280742857143,1.9501769168761248e-17,-0.8013903086034997,1.9501769168761249e-19,0.01,20.97618227467727,1.7219077653614576,0.01,True
1902,58276.3219444002,-27.045296168093046,r,r,6590.280742857143,6590.280742857143,2.016536913932792e-17,-0.7868581438011955,2.016536913932792e-19,0.01,20.93985186267151,1.685577353355697,0.01,True
1903,58277.26831019996,-26.098930368338188,r,r,7098.518763265306,7098.518763265306,2.0549260102117074e-17,-0.7786681309812042,2.0549260102117073e-19,0.01,20.919376830621527,1.6651023213057137,0.01,True
1904,58277.28403940005,-26.08320116824325,r,r,7098.518763265306,7098.518763265306,1.97457852642932e-17,-0.79598991049704,1.9745785264293203e-19,0.01,20.96268127941112,1.7084067700953085,0.01,True
1905,58277.38450230006,-25.982738268234243,r,r,7098.518763265306,7098.518763265306,2.352253108190703e-17,-0.7199802691743233,2.3522531081907032e-19,0.01,20.772657176104328,1.518382666788515,0.01,True
1906,58278.262083299924,-25.10515726837184,r,r,6590.280742857143,6590.280742857143,2.1213469492765437e-17,-0.7648526164429352,2.1213469492765438e-19,0.01,20.884838044275853,1.6305635349600394,0.01,True
1907,58278.264398099855,-25.10284246844094,r,r,6590.280742857143,6590.280742857143,2.0079252824332347e-17,-0.7887167721426902,2.0079252824332347e-19,0.01,20.944498433525244,1.6902239242094304,0.01,True
1908,58278.285451400094,-25.081789168201794,r,r,6590.280742857143,6590.280742857143,2.4743282439997052e-17,-0.6980070076885223,2.474328243999705e-19,0.01,20.717724022389824,1.4634495130740106,0.01,True
1909,58278.310972199775,-25.05626836852025,r,r,6590.280742857143,6590.280742857143,2.0824299604383995e-17,-0.7728939167928406,2.0824299604383996e-19,0.01,20.904941295150618,1.6506667858348045,0.01,True
1910,58279.266423599795,-24.10081696850102,r,r,7103.3747102040825,7103.3747102040825,1.9611726175069603e-17,-0.7989484993779872,1.9611726175069603e-19,0.01,20.970077751613488,1.7158032422976746,0.01,True
1911,58279.28678240022,-24.08045816807862,r,r,7103.3747102040825,7103.3747102040825,2.1742490552848077e-17,-0.7541550301968325,2.174249055284808e-19,0.01,20.858094078660603,1.6038195693447896,0.01,True
1912,58280.19172450015,-23.175516068142315,r,r,6590.280742857143,6590.280742857143,1.9632025861727802e-17,-0.79849920275222,1.9632025861727803e-19,0.01,20.968954510049066,1.714680000733253,0.01,True
1913,58280.30425930023,-23.062981268063595,r,r,6590.280742857143,6590.280742857143,1.9429776886133008e-17,-0.8029965066558145,1.9429776886133008e-19,0.01,20.980197769808058,1.7259232604922445,0.01,True
1914,58280.322511599865,-23.044728968430718,r,r,6590.280742857143,6590.280742857143,1.9360537990734617e-17,-0.8045468989243556,1.9360537990734617e-19,0.01,20.984073750479407,1.7297992411635938,0.01,True
1915,58281.207592600025,-22.159647968270292,r,r,6260.0,6260.0,2.1576899342920895e-17,-0.7574752846683328,2.1576899342920895e-19,0.01,20.86639471483935,1.612120205523535,0.01,True
1916,58281.22016200004,-22.147078568254074,r,r,6260.0,6260.0,1.85195691185934e-17,-0.8238334421936475,1.8519569118593401e-19,0.01,21.03229010865264,1.7780155993368254,0.01,True
1917,58281.326226899866,-22.041013668429514,r,r,6260.0,6260.0,2.0113802425999317e-17,-0.7879701404194659,2.0113802425999317e-19,0.01,20.942631854217186,1.6883573449013731,0.01,True
1918,58282.22773149982,-21.13950906847458,r,r,5735.124130612246,5735.124130612246,1.958058651201292e-17,-0.7996386238310986,1.958058651201292e-19,0.01,20.971803062746265,1.7175285534304514,0.01,True
1919,58282.30747690005,-21.05976366824325,r,r,5735.124130612246,5735.124130612246,2.481870243290251e-17,-0.6966852481943899,2.481870243290251e-19,0.01,20.714419623654496,1.4601451143386832,0.01,True
1920,58282.320706000086,-21.04653456820961,r,r,5735.124130612246,5735.124130612246,2.292755566306762e-17,-0.7311065637511742,2.292755566306762e-19,0.01,20.800472912546457,1.546198403230644,0.01,True
1921,58283.223784700036,-20.14345586825948,r,r,7103.3747102040825,7103.3747102040825,2.3980429930559465e-17,-0.7116073552072759,2.3980429930559467e-19,0.01,20.75172489118671,1.4974503818708982,0.01,True
1922,58283.32766199997,-20.03957856832858,r,r,7103.3747102040825,7103.3747102040825,1.924137129866375e-17,-0.8072283000337723,1.924137129866375e-19,0.01,20.99077725325295,1.7365027439371374,0.01,True
1923,58284.19307869999,-19.174161868308147,r,r,7103.3747102040825,7103.3747102040825,2.4908170188104404e-17,-0.6951224958124183,2.4908170188104405e-19,0.01,20.710512742699567,1.456238233383754,0.01,True
1924,58284.28152780002,-19.085712768275698,r,r,7103.3747102040825,7103.3747102040825,2.1065884683964336e-17,-0.767884617742828,2.1065884683964336e-19,0.01,20.892418047525588,1.6381435382097749,0.01,True
1925,58284.28341440018,-19.083826168112864,r,r,7103.3747102040825,7103.3747102040825,3.140310950822596e-17,-0.5944916665825613,3.140310950822596e-19,0.01,20.458935669624918,1.2046611603091044,0.01,True
1926,58284.299872700125,-19.06736786817055,r,r,7103.3747102040825,7103.3747102040825,2.1326234422463647e-17,-0.7625501414879192,2.1326234422463647e-19,0.01,20.879081856888316,1.624807347572503,0.01,True
1927,58285.17561340006,-18.191627168234845,r,r,5991.671114285715,5991.671114285715,2.624618589173993e-16,0.3276018802040497,2.6246185891739928e-18,0.01,18.153701802658397,-1.1005727066574167,0.01,True
1928,58285.200555600226,-18.166684968069603,r,r,5991.671114285715,5991.671114285715,5.225170835886487e-16,0.6266361739422113,5.2251708358864874e-18,0.01,17.40611606831299,-1.8481584410028233,0.01,True
1929,58285.30644680001,-18.060793768287112,r,r,5991.671114285715,5991.671114285715,2.106208821159624e-17,-0.767962892907347,2.1062088211596238e-19,0.01,20.892613735436882,1.6383392261210687,0.01,True
1930,58286.292083300184,-17.07515726811107,r,r,6590.280742857143,6590.280742857143,1.829443396499241e-17,-0.8291453434065321,1.8294433964992412e-19,0.01,21.04556986168485,1.791295352369037,0.01,True
1931,58286.30407410022,-17.063166468076815,r,r,6590.280742857143,6590.280742857143,1.8484891412826546e-17,-0.8246474165336064,1.8484891412826546e-19,0.01,21.03432504450253,1.7800505351867173,0.01,True
1932,58286.32662039995,-17.040620168343594,r,r,6590.280742857143,6590.280742857143,2.0292522454940433e-17,-0.7841282850285136,2.0292522454940434e-19,0.01,20.9330272157398,1.6787527064239853,0.01,True
1933,58287.26168979984,-16.10555076845776,r,r,6260.0,6260.0,1.968813915987014e-17,-0.7972596498523341,1.9688139159870143e-19,0.01,20.965855627799357,1.7115811184835437,0.01,True
1934,58287.28815970011,-16.079080868184974,r,r,6260.0,6260.0,1.95069074019896e-17,-0.8012758978340582,1.9506907401989602e-19,0.01,20.97589624775366,1.7216217384378467,0.01,True
1935,58287.303368099965,-16.063872468330374,r,r,6260.0,6260.0,1.9663116652700333e-17,-0.7978119645384876,1.9663116652700334e-19,0.01,20.967236414514737,1.7129619051989238,0.01,True
1936,58288.26853010012,-15.09871046817716,r,r,7103.3747102040825,7103.3747102040825,2.0220126480372527e-17,-0.7856804523915866,2.0220126480372526e-19,0.01,20.936907634147488,1.6826331248316748,0.01,True
1937,58288.28106479999,-15.086175768308749,r,r,7103.3747102040825,7103.3747102040825,1.9520026949727964e-17,-0.8009839073153504,1.9520026949727965e-19,0.01,20.975166271456892,1.720891762141079,0.01,True
1938,58288.303321800195,-15.063918768100848,r,r,7103.3747102040825,7103.3747102040825,2.043766043122906e-17,-0.781033141106013,2.043766043122906e-19,0.01,20.92528935593355,1.6710148466177372,0.01,True
1939,58289.23797449982,-14.129266068477591,r,r,7098.518763265306,7098.518763265306,2.6352833393397074e-17,-0.670637003882506,2.6352833393397073e-19,0.01,20.64929901287478,1.3950245035589681,0.01,True
1940,58289.257685199846,-14.109555368449946,r,r,7098.518763265306,7098.518763265306,2.6762735462205394e-17,-0.6639338189402952,2.6762735462205395e-19,0.01,20.632541050519258,1.3782665412034447,0.01,True
1941,58290.25984949991,-13.107391068384459,r,r,6857.1466693877555,6857.1466693877555,2.6644581406696567e-17,-0.6658554184905601,2.664458140669657e-19,0.01,20.637345049394916,1.3830705400791032,0.01,True
1942,58290.26216439996,-13.105076168336382,r,r,6857.1466693877555,6857.1466693877555,2.7488895056963723e-17,-0.6523070369392006,2.7488895056963725e-19,0.01,20.603474095516518,1.3491995862007045,0.01,True
1943,58290.34381939983,-13.023421168465575,r,r,6857.1466693877555,6857.1466693877555,2.518716241526262e-17,-0.6902850775872569,2.518716241526262e-19,0.01,20.69841919713666,1.4441446878208453,0.01,True
1944,58291.245231499895,-12.122009068400075,r,r,6260.0,6260.0,2.90756305338006e-17,-0.6279351786339102,2.90756305338006e-19,0.01,20.542544449753294,1.2882699404374804,0.01,True
1945,58291.26548610022,-12.101754468072613,r,r,6260.0,6260.0,2.985738353788538e-17,-0.6164125732776622,2.9857383537885383e-19,0.01,20.513737936362674,1.2594634270468603,0.01,True
1946,58291.279942099936,-12.087298468359222,r,r,6260.0,6260.0,2.762180966191621e-17,-0.6502121919645081,2.762180966191621e-19,0.01,20.59823698307979,1.3439624737639768,0.01,True
1947,58292.24761570012,-11.11962486817356,r,r,6857.1466693877555,6857.1466693877555,3.0582004614459417e-17,-0.6059983707396146,3.0582004614459415e-19,0.01,20.487702430017556,1.2334279207017431,0.01,True
1948,58292.26042820001,-11.106812368285318,r,r,6857.1466693877555,6857.1466693877555,2.829443408938386e-17,-0.6397633081099254,2.829443408938386e-19,0.01,20.572114773443328,1.3178402641275149,0.01,True
1949,58292.282222200185,-11.085018368110468,r,r,6857.1466693877555,6857.1466693877555,2.730399592709873e-17,-0.6552381097543769,2.730399592709873e-19,0.01,20.61080177755446,1.356527268238647,0.01,True
1950,58293.246099499986,-10.121141068309953,r,r,7103.3747102040825,7103.3747102040825,3.087497686727811e-17,-0.6018576793641355,3.0874976867278114e-19,0.01,20.477350701578857,1.2230761922630435,0.01,True
1951,58293.24701389996,-10.12022666833218,r,r,7103.3747102040825,7103.3747102040825,2.982773497958122e-17,-0.6168440445270047,2.9827734979581223e-19,0.01,20.514816614486033,1.2605421051702201,0.01,True
1952,58293.26174770016,-10.105492868133297,r,r,7103.3747102040825,7103.3747102040825,2.9366761335865125e-17,-0.6236082665184224,2.9366761335865125e-19,0.01,20.531727169464574,1.2774526601487608,0.01,True
1953,58293.286064799875,-10.081175768420508,r,r,7103.3747102040825,7103.3747102040825,3.4679867550174404e-17,-0.5513868900979251,3.4679867550174406e-19,0.01,20.35117372841333,1.0968992190975158,0.01,True
1954,58294.24186340021,-9.125377168085834,r,r,6631.680608163266,6631.680608163266,3.1208650838646005e-17,-0.5971893258794747,3.1208650838646007e-19,0.01,20.46567981786721,1.2114053085513952,0.01,True
1955,58294.281481499784,-9.085759068511834,r,r,6631.680608163266,6631.680608163266,3.1508633489532204e-17,-0.593034751749661,3.1508633489532204e-19,0.01,20.455293382542667,1.2010188732268539,0.01,True
1956,58316.258888899814,12.891648331518809,r,r,7103.3747102040825,7103.3747102040825,7.271357347910106e-16,0.7701511681528235,7.271357347910107e-18,0.01,17.047328582786463,-2.2069459265293503,0.01,True
1957,58359.23723379988,55.869993231586704,r,r,6590.280742857143,6590.280742857143,2.4352463812008438e-16,0.2950785864106482,2.4352463812008437e-18,0.01,18.235010037141897,-1.0192644721739157,0.01,True
1958,58425.097673600074,121.73043303177838,r,r,6260.0,6260.0,6.089143325143653e-17,-0.30690812372278664,6.089143325143653e-19,0.01,19.739976812475483,0.48570230315966967,0.01,True
1959,58475.4962847,172.12904413170327,r,r,6260.0,6260.0,5.3231887515167863e-17,-0.365292454428106,5.323188751516786e-19,0.01,19.885937639238787,0.6316631299229734,0.01,True
1960,58480.55150459986,177.18426403156627,r,r,7103.3747102040825,7103.3747102040825,3.809604615297333e-17,-0.5105844160373447,3.809604615297333e-19,0.01,20.249167543261876,0.9948930339460631,0.01,True
1961,58487.55240740022,184.18516683192138,r,r,6590.280742857143,6590.280742857143,2.5718279970563286e-17,-0.6812224004792231,2.5718279970563285e-19,0.01,20.675762504366574,1.4214879950507608,0.01,True
1962,58505.55303240009,202.185791831791,r,r,5735.124130612246,5735.124130612246,5.36426490762952e-17,-0.36195410343345635,5.36426490762952e-19,0.01,19.87759176175216,0.6233172524363475,0.01,True
1963,58508.5094792,205.14223863170628,r,r,6260.0,6260.0,3.88333154963365e-17,-0.5022598490804224,3.88333154963365e-19,0.01,20.228356125869574,0.9740816165537609,0.01,True
1964,58526.53190970002,223.1646691317219,r,r,6590.280742857143,6590.280742857143,3.0881310952626143e-17,-0.6017685918097708,3.0881310952626145e-19,0.01,20.47712798269295,1.2228534733771355,0.01,True
1965,58534.446261600126,231.07902103183005,r,r,6260.0,6260.0,8.257351482632065e-17,-0.17462354906255761,8.257351482632065e-19,0.01,19.409265375824916,0.15499086650910243,0.01,True
1966,58534.44812500011,231.08088443181623,r,r,6260.0,6260.0,8.143640498583501e-17,-0.18064572677757162,8.143640498583501e-19,0.01,19.42432082011245,0.17004631079663568,0.01,True
1967,58538.47317129979,235.10593073149357,r,r,7098.518763265306,7098.518763265306,7.888610232039196e-17,-0.19446382168638543,7.888610232039196e-19,0.01,19.458866057384487,0.20459154806867375,0.01,True
1968,58538.49586809985,235.12862753155787,r,r,7098.518763265306,7098.518763265306,7.980191389589747e-17,-0.1894510130457352,7.980191389589747e-19,0.01,19.446334035782854,0.19205952646704105,0.01,True
1969,58538.51525459997,235.14801403167803,r,r,7098.518763265306,7098.518763265306,1.0761692164791892e-16,-0.05958375522641468,1.0761692164791892e-18,0.01,19.121665891234557,-0.13260861808125668,0.01,True
1970,58538.51755789993,235.15031733163778,r,r,7098.518763265306,7098.518763265306,1.3416393761564087e-16,0.03617147577577562,1.3416393761564087e-18,0.01,18.882277813729083,-0.37199669558673065,0.01,True
1971,58539.348020799924,235.98078023162816,r,r,6590.280742857143,6590.280742857143,4.1479208534771214e-17,-0.4736338592234919,4.1479208534771217e-19,0.01,20.156791151227246,0.9025166419114328,0.01,True
1972,58539.36409719987,235.99685663157288,r,r,6590.280742857143,6590.280742857143,5.187484131010203e-17,-0.3765075390663011,5.187484131010204e-19,0.01,19.91397535083427,0.6597008415184575,0.01,True
1973,58539.5170948999,236.14985433160473,r,r,6590.280742857143,6590.280742857143,2.1642836130811481e-16,0.24384985094567924,2.164283613081148e-18,0.01,18.363081875804323,-0.8911926335114906,0.01,True
1974,58540.34332180023,236.9760812319364,r,r,6590.280742857143,6590.280742857143,2.1609236499853844e-17,-0.756824897632443,2.1609236499853844e-19,0.01,20.864768747249627,1.610494237933814,0.01,True
1975,58540.517419000156,237.1501784318607,r,r,6590.280742857143,6590.280742857143,1.9520322180923616e-17,-0.8009773388659358,1.9520322180923617e-19,0.01,20.97514985033336,1.7208753410175461,0.01,True
1976,58540.542083300184,237.17484273188893,r,r,6590.280742857143,6590.280742857143,2.2569018070595866e-17,-0.7379516559712673,2.2569018070595867e-19,0.01,20.817585643096685,1.5633111337808714,0.01,True
1977,58541.48879629979,238.12155573149357,r,r,6590.280742857143,6590.280742857143,2.382311358385128e-17,-0.7144657988667955,2.382311358385128e-19,0.01,20.75887100033551,1.5045964910196972,0.01,True
1978,58541.51586809987,238.1486275315765,r,r,6590.280742857143,6590.280742857143,2.2262765425207132e-17,-0.7438852099146853,2.2262765425207133e-19,0.01,20.83241952795523,1.5781450186394181,0.01,True
1979,58541.53902779985,238.17178723155666,r,r,6590.280742857143,6590.280742857143,2.5777437035428974e-17,-0.6802245855294711,2.5777437035428973e-19,0.01,20.673267966992192,1.418993457676379,0.01,True
1980,58541.53994210018,238.17270153188292,r,r,6590.280742857143,6590.280742857143,2.929748057255761e-17,-0.6246340452966219,2.929748057255761e-19,0.01,20.534291616410076,1.2800171070942632,0.01,True
1981,58543.44974539988,240.0825048315819,r,r,6248.218097959184,6248.218097959184,4.458660276198855e-16,0.5577400626722788,4.458660276198855e-18,0.01,17.578356346487823,-1.6759181628279904,0.01,True
1982,58543.46929399995,240.1020534316558,r,r,6248.218097959184,6248.218097959184,4.3922122515056767e-17,-0.44878100122456566,4.392212251505677e-19,0.01,20.094659006229932,0.840384496914119,0.01,True
1983,58547.507916700095,244.1406761317994,r,r,5814.713836734694,5814.713836734694,2.0911376191907752e-17,-0.7710817052680294,2.0911376191907753e-19,0.01,20.900410766338595,1.646136257022782,0.01,True
1984,58547.5365394,244.16929883170087,r,r,5814.713836734694,5814.713836734694,2.1997596268744686e-17,-0.7490890932493617,2.1997596268744685e-19,0.01,20.84542923629192,1.5911547269761073,0.01,True
1985,58547.53792819986,244.17068763156567,r,r,5814.713836734694,5814.713836734694,2.1465511459581984e-17,-0.7597230793514615,2.1465511459581986e-19,0.01,20.87201420154717,1.617739692231357,0.01,True
1986,58556.51766199991,253.15042143161554,r,r,5814.713836734694,5814.713836734694,2.5785748221423048e-17,-0.6800845824544641,2.578574822142305e-19,0.01,20.672917959304677,1.4186434499888634,0.01,True
1987,58556.5185647998,253.151324231505,r,r,5814.713836734694,5814.713836734694,2.4584512125698302e-17,-0.7008027260097638,2.4584512125698303e-19,0.01,20.72471331819293,1.470438808877116,0.01,True
1988,58557.38064809982,254.0134075315218,r,r,7103.3747102040825,7103.3747102040825,3.20820649462474e-17,-0.585202006580472,3.20820649462474e-19,0.01,20.4357115196197,1.1814370103038883,0.01,True
1989,58557.40681710001,254.03957653171528,r,r,7103.3747102040825,7103.3747102040825,4.072912065302826e-17,-0.48155928652852786,4.072912065302826e-19,0.01,20.176604719489834,0.922330210174021,0.01,True
1990,58557.42818289995,254.0609423316564,r,r,7103.3747102040825,7103.3747102040825,2.715388672423856e-17,-0.6576323182846426,2.715388672423856e-19,0.01,20.616787298880126,1.3625127895643132,0.01,True
1991,58558.34229170019,254.97505113189254,r,r,6857.1466693877555,6857.1466693877555,3.76046679114387e-17,-0.5162225624856465,3.76046679114387e-19,0.01,20.263262909382632,1.0089884000668192,0.01,True
1992,58560.38972220011,257.022481631815,r,r,7103.3747102040825,7103.3747102040825,3.329307259224706e-17,-0.5691104425294267,3.3293072592247064e-19,0.01,20.39548260949208,1.141208100176268,0.01,True
1993,58560.426145799924,257.05890523162816,r,r,7103.3747102040825,7103.3747102040825,3.0960829055122746e-17,-0.6006517387334167,3.0960829055122746e-19,0.01,20.474335850002056,1.220061340686243,0.01,True
1994,58560.42710650014,257.05986593184207,r,r,7103.3747102040825,7103.3747102040825,2.953948242325831e-17,-0.6210614387002931,2.9539482423258314e-19,0.01,20.52536009991925,1.2710855906034375,0.01,True
1995,58560.44729170017,257.0800511318739,r,r,7103.3747102040825,7103.3747102040825,3.373813229064159e-17,-0.5633432834326886,3.373813229064159e-19,0.01,20.38106471175024,1.126790202434428,0.01,True
1996,58561.36312500015,257.9958844318535,r,r,7098.518763265306,7098.518763265306,4.576800117647309e-17,-0.4309023743206115,4.576800117647309e-19,0.01,20.049962438970045,0.7956879296542319,0.01,True
1997,58561.388414400164,258.0211738318685,r,r,7098.518763265306,7098.518763265306,4.1732820245023747e-17,-0.4709865855309605,4.1732820245023746e-19,0.01,20.150172966995918,0.8958984576801043,0.01,True
1998,58561.4286342999,258.06139373160113,r,r,7098.518763265306,7098.518763265306,5.641479501720837e-17,-0.3400713057670597,5.641479501720838e-19,0.01,19.822884767586167,0.568610258270354,0.01,True
1999,58568.318159699906,264.95091913161014,r,r,6260.0,6260.0,1.1593239155206951e-16,-0.027259525288473085,1.159323915520695e-18,0.01,19.040855316389703,-0.21341919292611067,0.01,True
2000,58568.3441666998,264.9769261315014,r,r,6260.0,6260.0,3.2258984571140414e-16,0.41718637256650837,3.2258984571140413e-18,0.01,17.929740571752248,-1.3245339375635652,0.01,True
2001,58568.34603009978,264.97878953148756,r,r,6260.0,6260.0,2.8718947806631494e-16,0.36670420411170035,2.8718947806631497e-18,0.01,18.05594599288927,-1.1983285164265425,0.01,True
2002,58569.369108799845,266.00186823154945,r,r,7103.3747102040825,7103.3747102040825,3.3823879233018557e-17,-0.5622409052450283,3.3823879233018557e-19,0.01,20.37830876628109,1.1240342569652775,0.01,True
2003,58569.38597219996,266.018731631666,r,r,7103.3747102040825,7103.3747102040825,3.0579867434547423e-17,-0.6060287218525513,3.0579867434547425e-19,0.01,20.4877783077999,1.2335037984840866,0.01,True
2004,58572.426041699946,269.0588011316504,r,r,6751.988151020409,6751.988151020409,2.3365990097825777e-17,-0.7228801319321239,2.336599009782578e-19,0.01,20.77990683299883,1.5256323236830163,0.01,True
2005,58572.44385420019,269.07661363189254,r,r,6751.988151020409,6751.988151020409,2.2847398641545133e-17,-0.7326275609097319,2.284739864154513e-19,0.01,20.80427540544285,1.5500008961270382,0.01,True
2006,58572.44475689996,269.0775163316648,r,r,6751.988151020409,6751.988151020409,2.3725273993372125e-17,-0.7162530836262686,2.3725273993372124e-19,0.01,20.763339212234186,1.5090647029183728,0.01,True
2007,58572.46383100003,269.0965904317345,r,r,6751.988151020409,6751.988151020409,2.2344601463692685e-17,-0.7422917072137896,2.2344601463692687e-19,0.01,20.828435771202994,1.5741612618871805,0.01,True
2008,58573.40936340019,270.04212283189554,r,r,6590.280742857143,6590.280742857143,2.6711178703152297e-17,-0.6647712673765707,2.67111787031523e-19,0.01,20.634634671609945,1.3803601622941315,0.01,True
2009,58573.42166669993,270.05442613163177,r,r,6590.280742857143,6590.280742857143,3.0439308867756154e-17,-0.6080295327979304,3.0439308867756154e-19,0.01,20.492780335163346,1.2385058258475325,0.01,True
2010,58573.454699099995,270.08745853169967,r,r,6590.280742857143,6590.280742857143,2.635563780271282e-17,-0.670590789698549,2.635563780271282e-19,0.01,20.649183477414887,1.3949089680990738,0.01,True
2011,58574.43159720022,271.0643566319268,r,r,6260.0,6260.0,2.920266104120475e-17,-0.6260418926682245,2.920266104120475e-19,0.01,20.537811234839083,1.2835367255232697,0.01,True
2012,58574.45288190013,271.08564133183245,r,r,6260.0,6260.0,3.6675603230293205e-17,-0.5270870545108775,3.667560323029321e-19,0.01,20.29042413944571,1.0361496301298985,0.01,True
2013,58574.47613430023,271.1088937319364,r,r,6260.0,6260.0,1.0899680395949061e-16,-0.0540505566416325,1.0899680395949062e-18,0.01,19.1078328947726,-0.14644161454321392,0.01,True
2014,58575.40593749983,272.03869693153683,r,r,5735.124130612246,5735.124130612246,2.0638197276171465e-17,-0.7767925607751902,2.0638197276171466e-19,0.01,20.914687905106494,1.6604133957906804,0.01,True
2015,58575.42547449982,272.0582339315224,r,r,5735.124130612246,5735.124130612246,1.782987541683764e-17,-0.8403160116132451,1.782987541683764e-19,0.01,21.07349653220163,1.8192220228858176,0.01,True
2016,58575.42637730017,272.0591367318775,r,r,5735.124130612246,5735.124130612246,1.8146180347543245e-17,-0.8326790974020053,1.8146180347543244e-19,0.01,21.054404246673535,1.8001297373577216,0.01,True
2017,58575.4494097,272.08216913170327,r,r,5735.124130612246,5735.124130612246,2.0516376995990827e-17,-0.7793636494535772,2.0516376995990827e-19,0.01,20.92111562680246,1.6668411174866478,0.01,True
2018,58577.41673609987,274.0494955315735,r,r,6260.0,6260.0,8.451215289298756e-17,-0.16454515502159417,8.451215289298757e-19,0.01,19.3840693907225,0.1297948814066885,0.01,True
2019,58577.4228356001,274.0555950318012,r,r,6260.0,6260.0,1.4085764582490757e-16,0.05731610544592414,1.4085764582490758e-18,0.01,18.82941623955371,-0.4248582697621046,0.01,True
2020,58580.38351849979,277.01627793149237,r,r,5735.124130612246,5735.124130612246,2.1739771401078697e-17,-0.7542093471783975,2.1739771401078696e-19,0.01,20.85822987111451,1.6039553617986968,0.01,True
2021,58580.38442130014,277.0171807318475,r,r,5735.124130612246,5735.124130612246,2.3521034239390357e-17,-0.7200079061291778,2.352103423939036e-19,0.01,20.772726268491464,1.518451759175651,0.01,True
2022,58580.47394679999,277.10670623169426,r,r,5735.124130612246,5735.124130612246,2.8206430469398205e-17,-0.6411161906809308,2.8206430469398206e-19,0.01,20.575496979870845,1.321222470555032,0.01,True
2023,58580.49589119991,277.12865063161735,r,r,5735.124130612246,5735.124130612246,3.1753248577794196e-17,-0.5896761570000262,3.17532485777942e-19,0.01,20.446896895668587,1.1926223863527738,0.01,True
2024,58581.413044000044,278.04580343174894,r,r,7098.518763265306,7098.518763265306,4.155235192426257e-17,-0.4728687097192559,4.155235192426257e-19,0.01,20.154878277466658,0.9006037681508445,0.01,True
2025,58581.45288190013,278.08564133183245,r,r,7098.518763265306,7098.518763265306,3.0180414406712705e-17,-0.6117391214718051,3.0180414406712704e-19,0.01,20.502054306848027,1.247779797532214,0.01,True
2026,58582.41346060019,279.04622003189434,r,r,6751.988151020409,6751.988151020409,1.9205028168465718e-17,-0.8080493717502488,1.9205028168465719e-19,0.01,20.992829932544144,1.7385554232283305,0.01,True
2027,58582.43550929986,279.0682687315639,r,r,6751.988151020409,6751.988151020409,2.4111499868616455e-17,-0.7092400935058709,2.4111499868616454e-19,0.01,20.745806736933197,1.491532227617384,0.01,True
2028,58582.457094899844,279.08985433154885,r,r,6751.988151020409,6751.988151020409,2.2570995212941697e-17,-0.7379136115867464,2.2570995212941696e-19,0.01,20.817490532135388,1.5632160228195744,0.01,True
2029,58583.3212036998,279.9539631315056,r,r,6590.280742857143,6590.280742857143,2.9495475533617243e-17,-0.6217089178732547,2.949547553361724e-19,0.01,20.52697879785165,1.272704288535838,0.01,True
2030,58583.322164400015,279.9549238317195,r,r,6590.280742857143,6590.280742857143,3.0295308344252044e-17,-0.610088943157562,3.0295308344252046e-19,0.01,20.49792886106242,1.2436543517466063,0.01,True
2031,58583.34290509997,279.97566453167383,r,r,6590.280742857143,6590.280742857143,3.2200659609423567e-17,-0.5835995522168371,3.220065960942357e-19,0.01,20.431705383710614,1.1774308743948012,0.01,True
2032,58584.37444439996,281.0072038316648,r,r,6248.218097959184,6248.218097959184,2.4176278152025445e-17,-0.7080748765892455,2.4176278152025444e-19,0.01,20.74289369464163,1.4886191853258168,0.01,True
2033,58584.37893520016,281.0116946318667,r,r,6248.218097959184,6248.218097959184,2.3665157705542942e-17,-0.7173549172726386,2.3665157705542944e-19,0.01,20.766093796350113,1.5118192870342995,0.01,True
2034,58584.404432899784,281.03719233148877,r,r,6248.218097959184,6248.218097959184,2.1591770937024728e-17,-0.7571760560161618,2.1591770937024728e-19,0.01,20.865646643208926,1.6113721338931128,0.01,True
2035,58585.34282410005,281.97558353175555,r,r,6248.218097959184,6248.218097959184,1.1086611275108273e-15,0.9533345000806204,1.1086611275108273e-17,0.01,16.58937025296697,-2.6649042563488443,0.01,True
2036,58585.415057899896,282.0478173316005,r,r,6248.218097959184,6248.218097959184,2.0896169308542768e-17,-0.771397641817023,2.089616930854277e-19,0.01,20.901200607711075,1.6469260983952623,0.01,True
2037,58585.43666670006,282.06942613176216,r,r,6248.218097959184,6248.218097959184,2.0164135463681352e-17,-0.7868847138536292,2.0164135463681353e-19,0.01,20.93991828780259,1.685643778486778,0.01,True
2038,58586.347719899844,282.98047933154885,r,r,7098.518763265306,7098.518763265306,2.6773597429766223e-17,-0.6637575912315921,2.6773597429766224e-19,0.01,20.632100481247498,1.377825971931685,0.01,True
2039,58586.362152799964,282.9949122316684,r,r,7098.518763265306,7098.518763265306,2.5729673764360835e-17,-0.6810300405699987,2.572967376436084e-19,0.01,20.67528160459351,1.421007095277698,0.01,True
2040,58586.36304400023,282.9958034319352,r,r,7098.518763265306,7098.518763265306,2.5438870195680245e-17,-0.685966500949311,2.5438870195680247e-19,0.01,20.687622755541792,1.4333482462259788,0.01,True
2041,58586.38859950006,283.02135893176455,r,r,7098.518763265306,7098.518763265306,3.5249116779135717e-17,-0.5443160806946405,3.524911677913572e-19,0.01,20.333496704905116,1.0792221955893027,0.01,True
2042,58587.38891200023,284.0216714319322,r,r,6590.280742857143,6590.280742857143,5.693243753136934e-17,-0.3361045419500197,5.693243753136934e-19,0.01,19.81296785804357,0.5586933487277577,0.01,True
2043,58587.40221060021,284.03497003191296,r,r,6590.280742857143,6590.280742857143,5.4711600914452727e-17,-0.35338489740110113,5.471160091445273e-19,0.01,19.856168746671273,0.6018942373554594,0.01,True
2044,58587.43491900014,284.06767843184207,r,r,6590.280742857143,6590.280742857143,5.74031035350351e-17,-0.3325289468037216,5.74031035350351e-19,0.01,19.804028870177827,0.5497543608620141,0.01,True
2045,58588.37326390017,285.0060233318727,r,r,6260.0,6260.0,2.623542721958893e-16,0.32742382043277907,2.6235427219588932e-18,0.01,18.15414695208657,-1.1001275572292428,0.01,True
2046,58588.390231499914,285.02299093161855,r,r,6260.0,6260.0,2.7536874369984107e-17,-0.6515496770190037,2.753687436998411e-19,0.01,20.601580695716027,1.347306186400214,0.01,True
2047,58588.400312500075,285.033071931779,r,r,6260.0,6260.0,2.5140338955862006e-17,-0.6910931914556055,2.5140338955862007e-19,0.01,20.70043948180753,1.4461649724917152,0.01,True
2048,58589.30951389996,285.9422733316678,r,r,6248.218097959184,6248.218097959184,8.402538388868003e-16,0.8329461850752882,8.402538388868003e-18,0.01,16.8903410404803,-2.363933468835512,0.01,True
2049,58589.322106500156,285.9548659318607,r,r,6248.218097959184,6248.218097959184,4.042208250055784e-16,0.5151543638806348,4.042208250055784e-18,0.01,17.68482059346693,-1.5694539158488823,0.01,True
2050,58589.34410879994,285.9768682316426,r,r,6248.218097959184,6248.218097959184,1.3379402451886192e-16,0.03497239725249557,1.3379402451886191e-18,0.01,18.885275510037282,-0.3689989992785314,0.01,True
2051,58589.34552079998,285.97828023168404,r,r,6248.218097959184,6248.218097959184,1.220304794220856e-16,-0.0049960027508095806,1.220304794220856e-18,0.01,18.985196510045544,-0.26907799927026943,0.01,True
2052,58591.39439810021,288.02715753191296,r,r,7098.518763265306,7098.518763265306,4.808414819383834e-17,-0.40946239327744927,4.808414819383835e-19,0.01,19.996362486362145,0.7420879770463316,0.01,True
2053,58591.40656250017,288.0393219318721,r,r,7098.518763265306,7098.518763265306,4.90988371070923e-17,-0.40039311414642675,4.9098837107092305e-19,0.01,19.973689288534583,0.71941477921877,0.01,True
2054,58591.42447920004,288.05723863174353,r,r,7098.518763265306,7098.518763265306,5.509684276860213e-17,-0.3503376071878552,5.509684276860213e-19,0.01,19.848550521138158,0.5942760118223447,0.01,True
2055,58592.366782399826,288.9995418315302,r,r,7103.3747102040825,7103.3747102040825,1.5607582525650495e-16,0.10187131971517083,1.5607582525650496e-18,0.01,18.718028203880593,-0.5362463054352204,0.01,True
2056,58592.368217600044,289.00097703174833,r,r,7103.3747102040825,7103.3747102040825,8.276134098021066e-17,-0.17363680132705817,8.276134098021066e-19,0.01,19.406798506486165,0.15252399717035203,0.01,True
2057,58592.386099500116,289.01885893182043,r,r,7103.3747102040825,7103.3747102040825,2.365281555041701e-16,0.2824185248416917,2.365281555041701e-18,0.01,18.26666019106429,-0.9876143182515236,0.01,True
2058,58593.35704859998,289.98980803168524,r,r,7103.3747102040825,7103.3747102040825,4.325896931830784e-17,-0.45538815245044795,4.325896931830784e-19,0.01,20.111176884294636,0.8569023749788229,0.01,True
2059,58593.3835880002,290.01634743190516,r,r,7103.3747102040825,7103.3747102040825,3.730875731312939e-17,-0.5196535365196393,3.730875731312939e-19,0.01,20.27184034446762,1.0175658351518067,0.01,True
2060,58593.41408560006,290.04684503176395,r,r,7103.3747102040825,7103.3747102040825,4.522012959892339e-17,-0.43613251756161553,4.522012959892339e-19,0.01,20.06303779707256,0.8087632877567472,0.01,True
2061,58596.29054399999,292.92330343169306,r,r,6748.390146938776,6748.390146938776,2.9485762591491494e-17,-0.6218519558066884,2.9485762591491495e-19,0.01,20.52733639268524,1.2730618833694258,0.01,True
2062,58596.30907410011,292.9418335318114,r,r,6748.390146938776,6748.390146938776,3.757828817792045e-17,-0.5165273276549645,3.757828817792045e-19,0.01,20.264024822305927,1.0097503129901142,0.01,True
2063,58596.39844910009,293.0312085317928,r,r,6748.390146938776,6748.390146938776,2.983774948023854e-17,-0.6166982569764752,2.983774948023854e-19,0.01,20.514452145609702,1.2601776362938892,0.01,True
2064,58596.399409700185,293.03216913188953,r,r,6748.390146938776,6748.390146938776,2.772966020018571e-17,-0.648519772484681,2.772966020018571e-19,0.01,20.59400593438022,1.3397314250644072,0.01,True
2065,58597.37290510023,294.0056645319346,r,r,6590.280742857143,6590.280742857143,2.6362727026953725e-17,-0.6704739874799177,2.6362727026953725e-19,0.01,20.64889147186831,1.3946169625524973,0.01,True
2066,58597.39133099979,294.02409043149237,r,r,6590.280742857143,6590.280742857143,2.4958378865629523e-17,-0.694247947267348,2.495837886562952e-19,0.01,20.708326371336884,1.4540518620210712,0.01,True
2067,58597.41152779991,294.04428723161254,r,r,6590.280742857143,6590.280742857143,2.6687830872138823e-17,-0.6651510435147561,2.6687830872138823e-19,0.01,20.635584111955406,1.3813096026395932,0.01,True
2068,58598.33043979993,294.9631992316354,r,r,6751.988151020409,6751.988151020409,2.1091408657293325e-17,-0.7673587337854411,2.1091408657293325e-19,0.01,20.891103337632124,1.636828828316311,0.01,True
2069,58598.34261569986,294.97537513156567,r,r,6751.988151020409,6751.988151020409,2.1939808940960995e-17,-0.7502314789651958,2.1939808940960995e-19,0.01,20.848285200581504,1.5940106912656908,0.01,True
2070,58598.36614579987,294.9989052315723,r,r,6751.988151020409,6751.988151020409,1.9456648744489325e-17,-0.8023962816944827,1.9456648744489326e-19,0.01,20.97869720740472,1.7244226980889081,0.01,True
2071,58598.494687499944,295.1274469316486,r,r,6751.988151020409,6751.988151020409,2.408352881842006e-17,-0.7097441983668151,2.408352881842006e-19,0.01,20.747066999085558,1.4927924897697444,0.01,True
2072,58599.43815970002,296.0709191317219,r,r,6260.0,6260.0,1.0816775374789889e-17,-1.057366509162465,1.0816775374789889e-19,0.01,21.616122776074683,2.3618482667588694,0.01,True
2073,58605.38736109994,302.020120531648,r,r,5715.571428571429,5715.571428571429,2.431488637930675e-17,-0.705592075741512,2.4314886379306753e-19,0.01,20.736686692522298,1.4824121832064847,0.01,True
2074,58605.41245369986,302.04521313156147,r,r,5715.571428571429,5715.571428571429,2.4831632733135924e-17,-0.6964590439543219,2.4831632733135923e-19,0.01,20.713854113054325,1.4595796037385114,0.01,True
2075,58606.31938660005,302.95214603175555,r,r,6260.0,6260.0,2.1867861028900566e-17,-0.7516580149717011,2.1867861028900567e-19,0.01,20.851851540597774,1.5975770312819613,0.01,True
2076,58606.34603009978,302.97878953148756,r,r,6260.0,6260.0,1.838680576256544e-17,-0.8269580320142662,1.838680576256544e-19,0.01,21.040101583204187,1.785827073888374,0.01,True
2077,58606.36165509978,302.99441453148756,r,r,6260.0,6260.0,1.8425104603322685e-17,-0.82605435811959,1.8425104603322686e-19,0.01,21.03784239846749,1.7835678891516764,0.01,True
2078,58606.36268519983,302.9954446315314,r,r,6260.0,6260.0,2.03327274651327e-17,-0.783268680727927,2.03327274651327e-19,0.01,20.930878204988332,1.6766036956725188,0.01,True
2079,58607.345324099995,303.97808353169967,r,r,6248.218097959184,6248.218097959184,2.11317419327127e-17,-0.7665290219314098,2.11317419327127e-19,0.01,20.88902905799704,1.6347545486812258,0.01,True
2080,58607.37207179982,304.0048312315266,r,r,6248.218097959184,6248.218097959184,1.7530927494632434e-17,-0.8476594266725481,1.7530927494632434e-19,0.01,21.09185506984989,1.8375805605340751,0.01,True
2081,58607.395659700036,304.0284191317405,r,r,6248.218097959184,6248.218097959184,1.8592284948300397e-17,-0.822131553414648,1.8592284948300397e-19,0.01,21.028035386705135,1.7737608773893214,0.01,True
2082,58608.34847219987,304.9812316315729,r,r,6590.280742857143,6590.280742857143,2.7397715024029055e-17,-0.6537499761745575,2.7397715024029058e-19,0.01,20.607081443604915,1.3528069342891023,0.01,True
2083,58608.372546299826,305.0053057315308,r,r,6590.280742857143,6590.280742857143,2.8068948692458856e-17,-0.6432381735715555,2.8068948692458856e-19,0.01,20.580801937097405,1.326527427781592,0.01,True
2084,58612.34916670015,308.9819261318553,r,r,5814.713836734694,5814.713836734694,1.5636466858364136e-17,-0.8973256915473282,1.5636466858364136e-19,0.01,21.21602073203684,1.9617462227210254,0.01,True
2085,58612.35006939992,308.98282883162756,r,r,5814.713836734694,5814.713836734694,1.7920735480186277e-17,-0.8381084907844762,1.7920735480186278e-19,0.01,21.067977730129712,1.813703220813899,0.01,True
2086,58612.4286342999,309.06139373160113,r,r,5814.713836734694,5814.713836734694,1.7924484568396816e-17,-0.8380176441764373,1.7924484568396817e-19,0.01,21.06775061360961,1.8134761042937981,0.01,True
2087,58616.31167820003,312.9444376317333,r,r,7098.518763265306,7098.518763265306,2.83230554343476e-17,-0.6393242178801817,2.83230554343476e-19,0.01,20.57101704786897,1.3167425385531573,0.01,True
2088,58616.36773149995,313.0004909316558,r,r,7098.518763265306,7098.518763265306,2.389521300861855e-17,-0.7131534139451592,2.389521300861855e-19,0.01,20.755590038031414,1.501315528715601,0.01,True
2089,58616.36863429984,313.00139373154525,r,r,7098.518763265306,7098.518763265306,2.6489799955194435e-17,-0.6683856416230842,2.6489799955194434e-19,0.01,20.64367060722623,1.3893960979104172,0.01,True
2090,58616.38482639985,313.01758583155606,r,r,7098.518763265306,7098.518763265306,2.3594099497623608e-17,-0.7186609137133555,2.359409949762361e-19,0.01,20.76935878745191,1.5150842781360971,0.01,True
2091,58617.33171299985,313.96447243155126,r,r,6590.280742857143,6590.280742857143,2.9182820998090574e-17,-0.6263370489733848,2.9182820998090576e-19,0.01,20.538549125601982,1.2842746162861687,0.01,True
2092,58618.3078935002,314.94065293190215,r,r,6331.354077551021,6331.354077551021,3.422439095983819e-17,-0.557128591854644,3.422439095983819e-19,0.01,20.365527982805126,1.1112534734893131,0.01,True
2093,58618.37175930012,315.00451873182465,r,r,6331.354077551021,6331.354077551021,7.227854676610784e-17,-0.2324549081985996,7.227854676610784e-19,0.01,19.55384377366502,0.2995692643492056,0.01,True
2094,58619.331412000116,315.96417143182043,r,r,7103.3747102040825,7103.3747102040825,7.343713293157684e-17,-0.22554860706363122,7.343713293157685e-19,0.01,19.5365780208276,0.28230351151178823,0.01,True
2095,58619.332314800005,315.9650742317099,r,r,7103.3747102040825,7103.3747102040825,5.076063820188498e-17,-0.3859372464997204,5.076063820188498e-19,0.01,19.937549619417823,0.6832751101020094,0.01,True
2096,58619.343275499996,315.97603493170027,r,r,7103.3747102040825,7103.3747102040825,8.05703871754877e-17,-0.185288869620317,8.05703871754877e-19,0.01,19.435928677219312,0.1816541679034991,0.01,True
2097,58627.36789349979,324.00065293149237,r,r,5715.571428571429,5715.571428571429,2.308203394407178e-17,-0.7281902448843436,2.308203394407178e-19,0.01,20.793182115379373,1.5389076060635603,0.01,True
2098,58628.315844899975,324.94860433167923,r,r,6260.0,6260.0,2.1533549819364402e-17,-0.758348690795378,2.1533549819364404e-19,0.01,20.868578230156963,1.61430372084115,0.01,True
2099,58628.373101899866,325.0058613315705,r,r,6260.0,6260.0,2.726746232665774e-17,-0.6558195984649071,2.726746232665774e-19,0.01,20.61225549933079,1.3579809900149762,0.01,True
2100,58632.27962959977,328.91238903147314,r,r,6590.280742857143,6590.280742857143,2.1820747057293932e-17,-0.7525947051853539,2.1820747057293933e-19,0.01,20.8541932661319,1.5999187568160878,0.01,True
2101,58635.2561458,331.88890523170267,r,r,7103.3747102040825,7103.3747102040825,1.5241228166327797e-17,-0.9084443555763126,1.5241228166327797e-19,0.01,21.2438173921093,1.9895428827934865,0.01,True
2102,58637.30269679986,333.9354562315639,r,r,6260.0,6260.0,2.0532306835098942e-17,-0.7790265745014029,2.0532306835098943e-19,0.01,20.920272939422027,1.6659984301062138,0.01,True
2103,58637.32612269977,333.95888213147555,r,r,6260.0,6260.0,1.8318798270916913e-17,-0.8285673400709026,1.8318798270916914e-19,0.01,21.04412485334577,1.7898503440299578,0.01,True
2104,58637.339803200215,333.9725626319196,r,r,6260.0,6260.0,1.643988184689682e-17,-0.8755656282923621,1.643988184689682e-19,0.01,21.161620573899427,1.9073460645836136,0.01,True
2105,58638.25747689977,334.89023633147735,r,r,7103.3747102040825,7103.3747102040825,1.7909605672645742e-17,-0.8383782964296049,1.7909605672645742e-19,0.01,21.068652244242532,1.814377734926719,0.01,True
2106,58638.27521990007,334.90797933177237,r,r,7103.3747102040825,7103.3747102040825,1.8677225601618902e-17,-0.820151955595831,1.8677225601618903e-19,0.01,21.023086392158092,1.7688118828422787,0.01,True
2107,58638.27612269996,334.9088821316618,r,r,7103.3747102040825,7103.3747102040825,1.8737582537298168e-17,-0.8187507613547123,1.8737582537298169e-19,0.01,21.019583406555295,1.765308897239482,0.01,True
2108,58638.302187500056,334.93494693176035,r,r,7103.3747102040825,7103.3747102040825,2.048822155587752e-17,-0.7799600583750301,2.048822155587752e-19,0.01,20.922606649106093,1.6683321397902802,0.01,True
2109,58639.30811339989,335.9408728315975,r,r,6590.280742857143,6590.280742857143,1.8211416433496478e-17,-0.8311205949121128,1.8211416433496479e-19,0.01,21.050507990448796,1.7962334811329832,0.01,True
2110,58639.32302080002,335.9557802317213,r,r,6590.280742857143,6590.280742857143,2.0532748538531813e-17,-0.7790172317957005,2.0532748538531812e-19,0.01,20.920249582657767,1.6659750733419543,0.01,True
2111,58640.24239580007,336.87515523177717,r,r,6590.280742857143,6590.280742857143,1.9533974095839973e-17,-0.8006737127800871,1.9533974095839975e-19,0.01,20.974390785118736,1.7201162758029227,0.01,True
2112,58640.2666782001,336.8994376318078,r,r,6590.280742857143,6590.280742857143,1.987612261555558e-17,-0.7931326530027558,1.987612261555558e-19,0.01,20.95553813567541,1.701263626359598,0.01,True
2113,58640.29034719989,336.9231066315915,r,r,6590.280742857143,6590.280742857143,1.8817231564108983e-17,-0.8169085908886569,1.8817231564108983e-19,0.01,21.014977980390157,1.7607034710743434,0.01,True
2114,58641.290381900035,337.9231413317393,r,r,5814.713836734694,5814.713836734694,1.5701726962782357e-17,-0.8955168990962736,1.5701726962782358e-19,0.01,21.211498750909204,1.9572242415933907,0.01,True
2115,58641.30303240009,337.935791831791,r,r,5814.713836734694,5814.713836734694,1.6182962488355447e-17,-0.882406292794057,1.6182962488355448e-19,0.01,21.178722235153664,1.924447725837851,0.01,True
2116,58641.303993099835,337.93675253153924,r,r,5814.713836734694,5814.713836734694,1.5914622002971024e-17,-0.8896679923318285,1.5914622002971025e-19,0.01,21.196876483998086,1.9426019746822725,0.01,True
2117,58641.32092589978,337.95368533148576,r,r,5814.713836734694,5814.713836734694,1.6314540786738712e-17,-0.8788894662424891,1.631454078673871e-19,0.01,21.169930168774737,1.915655659458924,0.01,True
2118,58642.23987270007,338.87263213177357,r,r,6857.1466693877555,6857.1466693877555,1.8564850524072426e-17,-0.8227728634117693,1.8564850524072425e-19,0.01,21.029638661697945,1.7753641523821315,0.01,True
2119,58642.26156250015,338.8943219318535,r,r,6857.1466693877555,6857.1466693877555,1.8587095342088816e-17,-0.8222527935933694,1.8587095342088816e-19,0.01,21.028338487151938,1.774063977836125,0.01,True
2120,58642.28940969985,338.92216913155426,r,r,6857.1466693877555,6857.1466693877555,1.6815073646661395e-17,-0.8657655464639848,1.6815073646661394e-19,0.01,21.137120369328482,1.8828458600126687,0.01,True
2121,58643.26939810021,339.90215753191296,r,r,6590.280742857143,6590.280742857143,2.3423960105455988e-17,-0.7218040005320336,2.3423960105455987e-19,0.01,20.7772165044986,1.5229419951827872,0.01,True
2122,58643.28996529989,339.9227247315939,r,r,6590.280742857143,6590.280742857143,2.1505329407849478e-17,-0.758918220995719,2.1505329407849478e-19,0.01,20.870002055657817,1.6157275463420042,0.01,True
2123,58643.31200229982,339.9447617315236,r,r,6590.280742857143,6590.280742857143,2.234054547910746e-17,-0.7423705473586448,2.2340545479107463e-19,0.01,20.828632871565127,1.5743583622493134,0.01,True
2124,58644.26788190007,340.90064133177657,r,r,6751.988151020409,6751.988151020409,2.5835380945979257e-17,-0.6792494505855391,2.583538094597926e-19,0.01,20.670830129632364,1.4165556203165508,0.01,True
2125,58644.26878469996,340.901544131666,r,r,6751.988151020409,6751.988151020409,2.6104026595430503e-17,-0.6747568169917795,2.6104026595430504e-19,0.01,20.659598545647963,1.40532403633215,0.01,True
2126,58644.28879630007,340.92155573177297,r,r,6751.988151020409,6751.988151020409,2.5764484114952352e-17,-0.6804428692829827,2.5764484114952354e-19,0.01,20.67381367637597,1.419539167060158,0.01,True
2127,58644.30912039988,340.9418798315819,r,r,6751.988151020409,6751.988151020409,2.4984049698683868e-17,-0.6938014851130756,2.4984049698683867e-19,0.01,20.707210215951207,1.4529357066353938,0.01,True
2128,58645.2832986,341.91605803170387,r,r,7098.518763265306,7098.518763265306,2.6424496031739226e-17,-0.6694576070522142,2.6424496031739226e-19,0.01,20.646350520799054,1.3920760114832404,0.01,True
2129,58645.29884260008,341.9316020317856,r,r,7098.518763265306,7098.518763265306,3.1053477623690016e-17,-0.5993540771396315,3.1053477623690014e-19,0.01,20.471091696017595,1.2168171867017818,0.01,True
2130,58645.31881939992,341.95157883162756,r,r,7098.518763265306,7098.518763265306,2.6393758282670847e-17,-0.6699630851861205,2.6393758282670847e-19,0.01,20.647614216133817,1.3933397068180042,0.01,True
2131,58646.21979170013,342.85255113183666,r,r,6857.1466693877555,6857.1466693877555,2.9519669561580637e-17,-0.6213528284859873,2.951966956158064e-19,0.01,20.52608857438349,1.2718140650676766,0.01,True
2132,58646.23863429995,342.871393731657,r,r,6857.1466693877555,6857.1466693877555,3.054254510628773e-17,-0.6065590963111394,3.0542545106287734e-19,0.01,20.489104243946368,1.234829734630555,0.01,True
2133,58646.28939810023,342.9221575319316,r,r,6857.1466693877555,6857.1466693877555,2.76822464328015e-17,-0.6492629897395208,2.76822464328015e-19,0.01,20.59586397751732,1.341589468201505,0.01,True
2134,58647.24622689979,343.878986331496,r,r,7103.3747102040825,7103.3747102040825,3.007482202445499e-17,-0.6132612542723646,3.0074822024454987e-19,0.01,20.50585963884943,1.2515851295336162,0.01,True
2135,58647.24712960003,343.8798890317339,r,r,7103.3747102040825,7103.3747102040825,2.947390918618294e-17,-0.6220265791867501,2.947390918618294e-19,0.01,20.527772951135397,1.2734984418195836,0.01,True
2136,58647.26445600018,343.8972154318835,r,r,7103.3747102040825,7103.3747102040825,2.9130914818924516e-17,-0.6271101969401993,2.9130914818924517e-19,0.01,20.540481995519013,1.2862074862031996,0.01,True
2137,58647.28851850005,343.92127793175314,r,r,7103.3747102040825,7103.3747102040825,3.336751759886245e-17,-0.5681404220442605,3.336751759886245e-19,0.01,20.393057558279168,1.1387830489633544,0.01,True
2138,58648.21956019988,344.8523196315873,r,r,6751.988151020409,6751.988151020409,3.669991886983984e-17,-0.5267992160556698,3.669991886983984e-19,0.01,20.289704543307696,1.035430033991883,0.01,True
2139,58648.23954859981,344.8723080315176,r,r,6751.988151020409,6751.988151020409,3.7185748186306715e-17,-0.5210877962197049,3.7185748186306716e-19,0.01,20.275425993717782,1.021151484401969,0.01,True
2140,58649.24489580002,345.8776552317213,r,r,7098.518763265306,7098.518763265306,4.3134634372568184e-17,-0.45663819911631087,4.3134634372568184e-19,0.01,20.114302000959295,0.860027491643482,0.01,True
2141,58649.262083299924,345.89484273162816,r,r,7098.518763265306,7098.518763265306,4.062078084196604e-17,-0.48271605277082763,4.062078084196604e-19,0.01,20.17949663509559,0.9252221257797757,0.01,True
2142,58650.2390509001,346.8718103318024,r,r,6857.1466693877555,6857.1466693877555,4.075783980220695e-17,-0.4812531622490095,4.075783980220695e-19,0.01,20.175839408791045,0.9215648994752321,0.01,True
2143,58650.24273149995,346.8754909316558,r,r,6857.1466693877555,6857.1466693877555,3.978900134584602e-17,-0.4917012812067991,3.9789001345846016e-19,0.01,20.20195970618552,0.9476851968697062,0.01,True
2144,58650.26789350016,346.9006529318649,r,r,6857.1466693877555,6857.1466693877555,3.813386043906148e-17,-0.5101535474224814,3.813386043906148e-19,0.01,20.24809037172472,0.9938158624089084,0.01,True
2145,58650.28168979986,346.91444923156087,r,r,6857.1466693877555,6857.1466693877555,3.934199976524908e-17,-0.4966078887830694,3.9341999765249085e-19,0.01,20.214226225126193,0.9599517158103801,0.01,True
2146,58651.24483799981,347.877597431514,r,r,6248.218097959184,6248.218097959184,5.324079611874186e-17,-0.3652197793108716,5.324079611874186e-19,0.01,19.8857559514457,0.6314814421298856,0.01,True
2147,58651.26304400014,347.89580343184207,r,r,6248.218097959184,6248.218097959184,4.975840318418338e-17,-0.3945978854446164,4.975840318418338e-19,0.01,19.95920121678006,0.7049267074642458,0.01,True
2148,58651.28443290014,347.91719233184267,r,r,6248.218097959184,6248.218097959184,4.9883540050648124e-17,-0.3935070540658696,4.988354005064812e-19,0.01,19.956474138333192,0.7021996290173789,0.01,True
2149,58652.2827198999,348.91547933160473,r,r,7103.3747102040825,7103.3747102040825,3.739650717787194e-17,-0.5186332791165835,3.7396507177871944e-19,0.01,20.269289700959973,1.01501519164416,0.01,True
2150,58652.30493059987,348.9376900315765,r,r,7103.3747102040825,7103.3747102040825,4.063149686460542e-17,-0.48260149820919374,4.063149686460542e-19,0.01,20.179210248691504,0.924935739375691,0.01,True
2151,58652.32302080002,348.9557802317213,r,r,7103.3747102040825,7103.3747102040825,3.9024386813052216e-17,-0.5001282324868708,3.9024386813052216e-19,0.01,20.22302708438569,0.9687525750698782,0.01,True
2152,58653.19565969985,349.82841913155426,r,r,7098.518763265306,7098.518763265306,3.358762397391353e-17,-0.5652850377909342,3.3587623973913533e-19,0.01,20.38591909764585,1.1316445883300368,0.01,True
2153,58653.19796299981,349.830722431514,r,r,7098.518763265306,7098.518763265306,2.7798692194145825e-17,-0.6474399554829571,2.7798692194145825e-19,0.01,20.59130639187591,1.3370318825600975,0.01,True
2154,58653.218078699894,349.8508381315987,r,r,7098.518763265306,7098.518763265306,3.185089111130755e-17,-0.5883427328856872,3.185089111130755e-19,0.01,20.443563335382738,1.1892888260669245,0.01,True
2155,58654.18784719985,350.82060663155426,r,r,6857.1466693877555,6857.1466693877555,2.1265562127603375e-17,-0.76378745302768,2.1265562127603376e-19,0.01,20.88217513573772,1.6279006264219085,0.01,True
2156,58654.22109950008,350.8538589317832,r,r,6857.1466693877555,6857.1466693877555,2.5225695280082723e-17,-0.6896211749803722,2.5225695280082723e-19,0.01,20.69675944061945,1.4424849313036354,0.01,True
2157,58663.20546300011,359.838222431812,r,r,7103.3747102040825,7103.3747102040825,2.664049775709079e-17,-0.6659219852113427,2.664049775709079e-19,0.01,20.637511466196873,1.3832369568810599,0.01,True
2158,58665.2654281999,361.8981876316029,r,r,6590.280742857143,6590.280742857143,2.272713676974739e-17,-0.7349195947423173,2.272713676974739e-19,0.01,20.81000549002431,1.5557309807084962,0.01,True
2159,58668.18097219989,364.8137316315915,r,r,7103.3747102040825,7103.3747102040825,2.223138138582819e-17,-0.7444978710559536,2.223138138582819e-19,0.01,20.833951180808402,1.5796766714925887,0.01,True
2160,58669.17913189996,365.8118913316648,r,r,7098.518763265306,7098.518763265306,3.529361928024267e-17,-0.543768123688567,3.5293619280242667e-19,0.01,20.332126812389937,1.077852303074124,0.01,True
2161,58670.30465279985,366.93741223155666,r,r,6590.280742857143,6590.280742857143,2.1036996450433752e-17,-0.768480586571803,2.1036996450433751e-19,0.01,20.893907969598022,1.6396334602822087,0.01,True
2162,58672.201597199775,368.83435663147975,r,r,6857.1466693877555,6857.1466693877555,2.1775265687705076e-17,-0.753500857549481,2.177526568770508e-19,0.01,20.856458647042224,1.602184137726411,0.01,True
2163,58674.21472219983,370.84748163153563,r,r,6590.280742857143,6590.280742857143,2.592622515622227e-17,-0.6777250319014865,2.592622515622227e-19,0.01,20.667019082922238,1.4127445736064246,0.01,True
2164,58675.23921300005,371.87197243175615,r,r,6857.1466693877555,6857.1466693877555,3.033170117834008e-17,-0.6095675514858261,3.033170117834008e-19,0.01,20.496625381883085,1.2423508725672718,0.01,True
2165,58678.19866900006,374.83142843176756,r,r,6857.1466693877555,6857.1466693877555,2.786133397331981e-17,-0.6464624140626203,2.786133397331981e-19,0.01,20.588862538325067,1.3345880290092538,0.01,True
2166,58681.26354169985,377.89630113155727,r,r,7103.3747102040825,7103.3747102040825,4.377323578060439e-17,-0.45025566876877043,4.377323578060439e-19,0.01,20.098345675090442,0.8440711657746292,0.01,True
2167,58684.18172449991,380.81448393161554,r,r,6751.988151020409,6751.988151020409,2.1155366071840967e-17,-0.7660437754903722,2.1155366071840966e-19,0.01,20.887815941894445,1.6335414325786317,0.01,True
2168,58691.17887730012,387.81163673182164,r,r,5931.423375510204,5931.423375510204,1.98142838901708e-17,-0.7944859391642058,1.98142838901708e-19,0.01,20.958921351079034,1.7046468417632212,0.01,True
2169,58694.1873031999,390.8200626316029,r,r,6857.1466693877555,6857.1466693877555,2.102186156782723e-17,-0.7687931483765542,2.1021861567827232e-19,0.01,20.894689374109902,1.6404148647940886,0.01,True
2170,58697.1750115999,393.80777103160653,r,r,6590.280742857143,6590.280742857143,2.207976660989165e-17,-0.7474698417902754,2.207976660989165e-19,0.01,20.841381107644203,1.5871065983283899,0.01,True
2171,58700.18146990007,396.81422933177237,r,r,7103.3747102040825,7103.3747102040825,2.366097779928291e-17,-0.7174316321875143,2.3660977799282914e-19,0.01,20.766285583637302,1.5120110743214887,0.01,True
2172,58704.186770800035,400.8195302317399,r,r,5686.734693877551,5686.734693877551,2.631911824985945e-17,-0.6711929849061011,2.631911824985945e-19,0.01,20.650688965433773,1.3964144561179594,0.01,True
2173,58707.162268499844,403.79502793154825,r,r,5735.124130612246,5735.124130612246,3.061757196881767e-17,-0.6054935728852779,3.0617571968817673e-19,0.01,20.486440435381716,1.2321659260659032,0.01,True
2174,58710.17902779998,406.81178723168705,r,r,6631.680608163266,6631.680608163266,5.2581228615006945e-17,-0.3706335906113818,5.258122861500695e-19,0.01,19.899290479696973,0.6450159703811593,0.01,True
2175,58711.17881939979,407.8115788314972,r,r,7103.3747102040825,7103.3747102040825,4.529103914032907e-17,-0.4354520351575939,4.529103914032907e-19,0.01,20.061336591062506,0.8070620817466931,0.01,True
2176,58711.3032176001,407.9359770318042,r,r,7103.3747102040825,7103.3747102040825,5.350428016475253e-17,-0.36307579471441365,5.350428016475253e-19,0.01,19.880395989954557,0.6261214806387443,0.01,True
2177,58714.178969900124,410.81172933182825,r,r,6751.988151020409,6751.988151020409,2.935572838796192e-17,-0.6237714594781334,2.9355728387961923e-19,0.01,20.532135151863855,1.2778606425480419,0.01,True
2178,58715.263159700204,411.89591913190816,r,r,7103.3747102040825,7103.3747102040825,3.672278446884761e-17,-0.5265287165141412,3.672278446884761e-19,0.01,20.289028294453868,1.0347537851380544,0.01,True
2179,58716.28428239981,412.9170418315116,r,r,7172.622224489796,7172.622224489796,3.792177337225727e-17,-0.5125756817715388,3.792177337225727e-19,0.01,20.254145707597367,0.9998711982815536,0.01,True
2180,58717.26309029991,413.89584973161254,r,r,7103.3747102040825,7103.3747102040825,3.704494077032758e-17,-0.5227354154988983,3.704494077032758e-19,0.01,20.279545041915764,1.0252705325999507,0.01,True
2181,58718.284791700076,414.9175511317808,r,r,6260.0,6260.0,3.6886563225144076e-17,-0.524596126979942,3.688656322514408e-19,0.01,20.284196820618373,1.0299223113025597,0.01,True
2182,58719.263749999925,415.89650943162997,r,r,7098.518763265306,7098.518763265306,4.498625092269394e-17,-0.4383845189284532,4.498625092269394e-19,0.01,20.06866780048965,0.8143932911738361,0.01,True
2183,58720.284537000116,416.91729643182043,r,r,7115.255102040816,7115.255102040816,4.3361179642269114e-17,-0.45436323155560565,4.3361179642269116e-19,0.01,20.108614582057534,0.8543400727417207,0.01,True
2184,58721.263680600096,417.8964400318,r,r,6260.0,6260.0,5.303533253661868e-17,-0.3668990239775649,5.303533253661868e-19,0.01,19.88995406311243,0.6356795537966171,0.01,True
2185,58722.2635764,418.8963358317051,r,r,6590.280742857143,6590.280742857143,3.7033380891136416e-17,-0.522870958304738,3.7033380891136415e-19,0.01,20.27988389893036,1.025609389614548,0.01,True
2186,58723.288067100104,419.9208265318084,r,r,6260.0,6260.0,3.525687834539411e-17,-0.5442204631402863,3.525687834539411e-19,0.01,20.333257661019232,1.0789831517034187,0.01,True
2187,58724.28812499996,420.9208844316672,r,r,7115.255102040816,7115.255102040816,4.533614511710133e-17,-0.43501973046687503,4.533614511710133e-19,0.01,20.06025582933571,0.805981320019896,0.01,True
2188,58725.2407176001,421.8734770318042,r,r,5931.423375510204,5931.423375510204,2.9240208163030887e-17,-0.6254838601730395,2.9240208163030887e-19,0.01,20.536416153601117,1.2821416442853035,0.01,True
2189,58725.26207179995,421.894831231657,r,r,5931.423375510204,5931.423375510204,2.9501134610117236e-17,-0.6216256010284997,2.9501134610117236e-19,0.01,20.52677050573977,1.272495996423956,0.01,True
2190,58726.26351850014,422.89627793184627,r,r,5931.408163265307,5931.408163265307,4.359995793169777e-17,-0.4519782500108622,4.359995793169777e-19,0.01,20.102652128195672,0.8483776188798586,0.01,True
2191,58728.21986109996,424.8526205316666,r,r,6260.0,6260.0,3.18806941519804e-17,-0.5879365513354191,3.18806941519804e-19,0.01,20.442547881507068,1.1882733721912544,0.01,True
2192,58730.263773099985,426.89653253168945,r,r,6260.0,6260.0,1.0849377430086719e-16,-0.056059502466064615,1.0849377430086719e-18,0.01,19.11285525933368,-0.14141924998213184,0.01,True
2193,58732.21668979991,428.84944923161675,r,r,6751.988151020409,6751.988151020409,3.4082081167302225e-17,-0.5589382138455488,3.4082081167302224e-19,0.01,20.370052037782393,1.1157775284665803,0.01,True
2194,58732.2624189998,428.8951784315068,r,r,6751.988151020409,6751.988151020409,3.6951029136521575e-17,-0.5238377816493216,3.6951029136521573e-19,0.01,20.28230095729182,1.028026447976007,0.01,True
2195,58733.22035880014,429.8531182318475,r,r,7098.518763265306,7098.518763265306,4.088965639750104e-17,-0.4798508591200221,4.0889656397501037e-19,0.01,20.17233365096857,0.9180591416527584,0.01,True
2196,58733.262013900094,429.8947733317982,r,r,7098.518763265306,7098.518763265306,4.276346638886079e-17,-0.46039141854751087,4.276346638886079e-19,0.01,20.123685049537297,0.8694105402214838,0.01,True
2197,58734.13906250009,430.7718219317976,r,r,7103.3747102040825,7103.3747102040825,3.390571812169351e-17,-0.5611913730924005,3.3905718121693507e-19,0.01,20.375684935899518,1.1214104265837044,0.01,True
2198,58748.14138890011,444.77414833181683,r,r,5783.061224489797,5783.061224489797,6.621045609985248e-17,-0.27053774065280756,6.621045609985248e-19,0.01,19.649050854800535,0.39477634548472196,0.01,True
2199,58751.13869210007,447.77145153177116,r,r,6260.0,6260.0,3.7718146340798686e-17,-0.5149139790647599,3.7718146340798687e-19,0.01,20.259991450830416,1.0057169415146028,0.01,True
2200,58761.11450230004,457.74726173174713,r,r,6260.0,6260.0,3.6070970320745295e-17,-0.5343064951045715,3.6070970320745295e-19,0.01,20.30847274092995,1.0541982316141372,0.01,True
2201,58765.1162268999,461.74898633160774,r,r,6260.0,6260.0,4.1036199044355075e-17,-0.47829719256568204,4.1036199044355075e-19,0.01,20.168449484582723,0.9141749752669099,0.01,True
2202,58768.1220602002,464.75481963190396,r,r,6260.0,6260.0,6.02265657456803e-17,-0.3116762208139523,6.022656574568029e-19,0.01,19.751897055203404,0.4976225458875909,0.01,True
2203,58771.10232640011,467.73508583181683,r,r,7103.3747102040825,7103.3747102040825,5.706420916588108e-17,-0.33510051734251967,5.706420916588108e-19,0.01,19.810457796524815,0.5561832872090022,0.01,True
2204,58775.098020799924,471.73078023162816,r,r,6590.280742857143,6590.280742857143,3.836639329616457e-17,-0.5075133457814847,3.836639329616457e-19,0.01,20.241489867622228,0.9872153583064147,0.01,True
2205,58781.082395799924,477.71515523162816,r,r,7103.3747102040825,7103.3747102040825,1.1184798309086025e-16,-0.04283616319413319,1.1184798309086025e-18,0.01,19.079796911153853,-0.1744775981619604,0.01,True
2206,58836.51538190013,533.1481413318324,r,r,6260.0,6260.0,3.6706241091897676e-17,-0.5267244074521056,3.6706241091897675e-19,0.01,20.289517521798786,1.0352430124829723,0.01,True
2207,58850.510879599955,547.1436390316594,r,r,6590.280742857143,6590.280742857143,3.6083046934623857e-17,-0.5341611170087699,3.608304693462386e-19,0.01,20.308109295690446,1.0538347863746331,0.01,True
2208,58856.506226900034,553.1389863317381,r,r,6590.280742857143,6590.280742857143,2.463297831849531e-17,-0.699947395650403,2.463297831849531e-19,0.01,20.72257499229453,1.4683004829787158,0.01,True
2209,58856.56892360002,553.2016830317225,r,r,6590.280742857143,6590.280742857143,2.902786943610208e-17,-0.6286491592327597,2.902786943610208e-19,0.01,20.544329401250415,1.2900548919346022,0.01,True
2210,58861.5472569,558.1800163317021,r,r,7103.3747102040825,7103.3747102040825,4.8055988075962674e-17,-0.4097168090631431,4.805598807596268e-19,0.01,19.996998525826378,0.7427240165105644,0.01,True
2211,58864.5074306,561.1401900317069,r,r,7103.3747102040825,7103.3747102040825,4.815264975794796e-17,-0.40884412964125083,4.815264975794797e-19,0.01,19.994816827271645,0.7405423179558319,0.01,True
2212,58871.53405090002,568.1668103317279,r,r,7103.3747102040825,7103.3747102040825,2.9400130262838546e-17,-0.6231150656015512,2.9400130262838546e-19,0.01,20.530494167172392,1.2762196578565792,0.01,True
2213,58872.56814809982,569.2009075315218,r,r,7103.3747102040825,7103.3747102040825,2.545421362476598e-17,-0.6857046356313905,2.545421362476598e-19,0.01,20.686968092246993,1.4326935829311793,0.01,True
2214,58875.55094909994,572.1837085316438,r,r,6590.280742857143,6590.280742857143,2.9406083309014264e-17,-0.6230271369642022,2.9406083309014266e-19,0.01,20.530274345579027,1.275999836263214,0.01,True
2215,58878.55271989992,575.1854793316234,r,r,6226.195559183673,6226.195559183673,4.3758696652821864e-17,-0.45039994212936385,4.375869665282187e-19,0.01,20.098706358491924,0.8444318491761109,0.01,True
2216,58881.55408560019,578.1868450318943,r,r,6590.280742857143,6590.280742857143,2.3514683835000733e-17,-0.7201251763958592,2.3514683835000733e-19,0.01,20.773019444158162,1.5187449348423492,0.01,True
2217,58884.54460649984,581.177365931544,r,r,7103.3747102040825,7103.3747102040825,3.658608340835402e-17,-0.5281484001015198,3.6586083408354023e-19,0.01,20.29307750342232,1.0388029941065078,0.01,True
2218,58887.54479169985,584.1775511315573,r,r,7103.3747102040825,7103.3747102040825,3.756097733856307e-17,-0.5167274361359642,3.756097733856307e-19,0.01,20.264525093508432,1.0102505841926188,0.01,True
2219,58890.490960599855,587.1237200315591,r,r,7103.3747102040825,7103.3747102040825,7.369972438267339e-17,-0.223998456525349,7.369972438267339e-19,0.01,19.532702644481894,0.2784281351660809,0.01,True
2220,58893.53151619993,590.164275631636,r,r,7103.3747102040825,7103.3747102040825,2.4993558285793454e-17,-0.693636230026696,2.4993558285793456e-19,0.01,20.70679707823526,1.4525225689194485,0.01,True
2221,58898.51567129977,595.148430731475,r,r,7103.3747102040825,7103.3747102040825,1.963465785734879e-17,-0.7984409823440739,1.963465785734879e-19,0.01,20.968808959028706,1.7145344497128931,0.01,True
2222,58899.50755790016,596.1403173318613,r,r,6590.280742857143,6590.280742857143,2.5366990479616426e-17,-0.6871953743296917,2.5366990479616426e-19,0.01,20.69069493899275,1.4364204296769358,0.01,True
2223,58900.50555559993,597.1383150316324,r,r,6590.280742857143,6590.280742857143,6.6737308041694e-17,-0.2670956355469105,6.6737308041694e-19,0.01,19.640445592035793,0.38617108271997935,0.01,True
2224,58903.51020829985,600.1429677315537,r,r,7103.3747102040825,7103.3747102040825,2.2767103074046814e-17,-0.7341565464995501,2.2767103074046816e-19,0.01,20.80809786941739,1.5538233601015783,0.01,True
2225,58904.52841439983,601.1611738315332,r,r,6260.0,6260.0,2.8945052950060737e-17,-0.6298899718702469,2.8945052950060735e-19,0.01,20.54743143284413,1.2931569235283185,0.01,True
2226,58906.510868099984,603.1436275316883,r,r,6590.280742857143,6590.280742857143,3.920066738570908e-17,-0.4981708593575025,3.920066738570908e-19,0.01,20.218133651562276,0.9638591422464629,0.01,True
2227,58908.49078699993,605.1235464316342,r,r,6590.280742857143,6590.280742857143,2.0557076506756942e-17,-0.7785029680538127,2.0557076506756941e-19,0.01,20.918963923303046,1.664689413987233,0.01,True
2228,58911.51304400014,608.1458034318421,r,r,6590.280742857143,6590.280742857143,4.037307951213354e-17,-0.4853724431595108,4.0373079512133537e-19,0.01,20.18613761106729,0.9318631017514782,0.01,True
2229,58912.47340280004,609.1061622317429,r,r,7103.3747102040825,7103.3747102040825,2.5549868103139283e-17,-0.6840756577369103,2.5549868103139284e-19,0.01,20.682895647510797,1.428621138194984,0.01,True
2230,58913.49783559982,610.1305950315218,r,r,7103.3747102040825,7103.3747102040825,4.210747019130277e-17,-0.4671051703665885,4.210747019130277e-19,0.01,20.140469429084987,0.8861949197691743,0.01,True
2231,58914.528402800206,611.1611622319106,r,r,6751.988151020409,6751.988151020409,1.896074653778756e-17,-0.8136088875109326,1.896074653778756e-19,0.01,21.006728721945848,1.7524542126300346,0.01,True
2232,58915.515173600055,612.1479330317597,r,r,7103.3747102040825,7103.3747102040825,1.6851110820570937e-16,0.13516421448146154,1.6851110820570937e-18,0.01,18.634795966964866,-0.6194785423509472,0.01,True
2233,58936.447210600134,633.0799700318385,r,r,6590.280742857143,6590.280742857143,2.1626994535299684e-17,-0.7564681497359427,2.1626994535299685e-19,0.01,20.863876877508375,1.6096023681925615,0.01,True
2234,58939.42876160005,636.0615210317555,r,r,7103.3747102040825,7103.3747102040825,7.55287024130899e-17,-0.21335229668162903,7.55287024130899e-19,0.01,19.506087244872596,0.25181273555678274,0.01,True
2235,58940.44886570005,637.0816251317519,r,r,6590.280742857143,6590.280742857143,1.355548086167673e-15,1.0406506079357385,1.355548086167673e-17,0.01,16.371079983329174,-2.8831945259866387,0.01,True
2236,58941.43111110013,638.0638705318343,r,r,6590.280742857143,6590.280742857143,2.6063383328162192e-17,-0.675433528766364,2.606338332816219e-19,0.01,20.66129032508443,1.4070158157686166,0.01,True
2237,58943.469502300024,640.1022617317285,r,r,7103.3747102040825,7103.3747102040825,3.159899371204281e-17,-0.5917910677584093,3.1598993712042814e-19,0.01,20.45218417256454,1.1979096632487263,0.01,True
2238,58953.443993099965,650.0767525316696,r,r,5715.571428571429,5715.571428571429,2.881614869224885e-17,-0.6318283837871679,2.8816148692248853e-19,0.01,20.55227746263644,1.2980029533206263,0.01,True
2239,58954.46543980017,651.0981992318775,r,r,6590.280742857143,6590.280742857143,3.2347946384925e-17,-0.5816176056236539,3.2347946384925e-19,0.01,20.426750517227653,1.1724760079118397,0.01,True
2240,58955.43081020005,652.063569631755,r,r,7103.3747102040825,7103.3747102040825,3.017814366821005e-17,-0.6117717985016551,3.017814366821005e-19,0.01,20.50213599942266,1.247861490106846,0.01,True
2241,58956.345115699805,652.9778751315098,r,r,7103.3747102040825,7103.3747102040825,2.4867640277047263e-17,-0.6958297437888827,2.486764027704726e-19,0.01,20.71228086264073,1.4580063533249152,0.01,True
2242,58961.433923599776,658.0666830314804,r,r,6260.0,6260.0,3.757769627860367e-17,-0.5165341683239806,3.757769627860367e-19,0.01,20.264041923978468,1.0097674146626545,0.01,True
2243,58962.32611110015,658.9588705318529,r,r,5814.713836734694,5814.713836734694,2.9219069988405733e-17,-0.6257979315501618,2.9219069988405733e-19,0.01,20.53720133204392,1.2829268227281077,0.01,True
2244,58964.41329859989,661.0460580315921,r,r,5735.124130612246,5735.124130612246,1.9323570203895972e-17,-0.8053769509260054,1.9323570203895974e-19,0.01,20.98614888048353,1.7318743711677165,0.01,True
2245,58965.33853009995,661.9712895316552,r,r,7103.3747102040825,7103.3747102040825,2.111235386235179e-17,-0.7669276637962756,2.111235386235179e-19,0.01,20.89002566265921,1.6357511533433957,0.01,True
2246,58966.3640509001,662.9968103318024,r,r,6260.0,6260.0,8.803037369529742e-17,-0.14683177477017573,8.803037369529742e-19,0.01,19.339785940093957,0.08551143077814416,0.01,True
2247,58967.36832180014,664.0010812318433,r,r,6590.280742857143,6590.280742857143,2.3857687881697314e-17,-0.7138359676164665,2.3857687881697316e-19,0.01,20.75729642220968,1.5030219128938676,0.01,True
2248,58968.39196760021,665.024727031916,r,r,5735.124130612246,5735.124130612246,1.6940556447069317e-17,-0.8625366487263175,1.6940556447069317e-19,0.01,21.12904812498431,1.874773615668495,0.01,True
2249,58969.36146989977,665.9942293314743,r,r,6260.0,6260.0,7.70447308724593e-16,0.7952786222121677,7.70447308724593e-18,0.01,16.984509947638102,-2.269764561677711,0.01,True
2250,58970.38510419987,667.0178636315759,r,r,6748.390146938776,6748.390146938776,1.898543817606254e-17,-0.8130436953132811,1.8985438176062542e-19,0.01,21.005315741451717,1.7510412321359041,0.01,True
2251,58970.3865278,667.0192872317057,r,r,6748.390146938776,6748.390146938776,2.018633365793976e-17,-0.7864068728541529,2.0186333657939758e-19,0.01,20.9387236853039,1.6844491759880853,0.01,True
2252,58971.38651619991,668.0192756316173,r,r,7103.3747102040825,7103.3747102040825,2.886623937415771e-17,-0.6310741115406397,2.8866239374157715e-19,0.01,20.550391782020114,1.2961172727043007,0.01,True
2253,58971.38839119999,668.0211506316919,r,r,7103.3747102040825,7103.3747102040825,2.3271228505622282e-17,-0.7246450096181949,2.327122850562228e-19,0.01,20.784319027214003,1.5300445178981903,0.01,True
2254,58972.420497700106,669.0532571318108,r,r,6857.1466693877555,6857.1466693877555,2.6396395050951423e-17,-0.6699197008107038,2.6396395050951424e-19,0.01,20.647505755195276,1.3932312458794627,0.01,True
2255,58972.4214583002,669.0542177319076,r,r,6857.1466693877555,6857.1466693877555,2.5353694651096077e-17,-0.6874230646724424,2.5353694651096077e-19,0.01,20.691264164849628,1.4369896555338144,0.01,True
2256,58973.34241899988,669.9751784315813,r,r,6248.218097959184,6248.218097959184,3.280453565290102e-17,-0.5755304255287843,3.280453565290102e-19,0.01,20.41153256699048,1.1572580576746674,0.01,True
2257,58973.34337959997,669.976139031678,r,r,6248.218097959184,6248.218097959184,2.9959214982588007e-17,-0.6149338908271087,2.9959214982588007e-19,0.01,20.51004123023629,1.2557667209204766,0.01,True
2258,58974.29104170017,670.9238011318739,r,r,6631.680608163266,6631.680608163266,3.951990341152906e-17,-0.4946484457607294,3.951990341152906e-19,0.01,20.20932761757034,0.9550531082545284,0.01,True
2259,58974.34600690007,670.9787663317766,r,r,6631.680608163266,6631.680608163266,4.013602225546415e-17,-0.487929991405343,4.013602225546415e-19,0.01,20.192531481681876,0.9382569723660623,0.01,True
2260,58974.34696759982,670.9797270315248,r,r,6631.680608163266,6631.680608163266,3.7289347004484694e-17,-0.5198795419980318,3.7289347004484697e-19,0.01,20.272405358163596,1.0181308488477825,0.01,True
2261,58975.40246530017,672.0352247318733,r,r,7103.3747102040825,7103.3747102040825,4.6057399266100436e-17,-0.42816490932898965,4.605739926610043e-19,0.01,20.043118776490996,0.7888442671751825,0.01,True
2262,58975.403402800206,672.0361622319106,r,r,7103.3747102040825,7103.3747102040825,5.439132543711208e-17,-0.35593467817586877,5.439132543711209e-19,0.01,19.86254319860819,0.6082686892923768,0.01,True
2263,58976.307152799796,672.9399122315008,r,r,6436.512595918368,6436.512595918368,5.692939325153606e-17,-0.33612776507798436,5.692939325153606e-19,0.01,19.81302591586348,0.5587514065476675,0.01,True
2264,58976.323634299915,672.9563937316198,r,r,6436.512595918368,6436.512595918368,9.895097179255827e-17,-0.09604425649401982,9.895097179255828e-19,0.01,19.212817144403573,-0.04145736491224028,0.01,True
2265,58976.327951400075,672.9607108317796,r,r,6436.512595918368,6436.512595918368,1.362039651620345e-16,0.042725430675067955,1.362039651620345e-18,0.01,18.86589292648085,-0.38838158283496327,0.01,True
2266,58977.40671300003,674.0394724317375,r,r,6248.218097959184,6248.218097959184,9.335213219098604e-17,-0.12134007842588268,9.335213219098605e-19,0.01,19.276056699233223,0.021782189917409767,0.01,True
2267,58977.40862269979,674.0413821314942,r,r,6248.218097959184,6248.218097959184,5.939171199798095e-17,-0.31773847601279037,5.939171199798096e-19,0.01,19.767052693200498,0.5127781838846843,0.01,True
2268,58978.27552080015,674.9082802318517,r,r,7098.518763265306,7098.518763265306,3.034716886119845e-17,-0.6093461390088191,3.034716886119845e-19,0.01,20.49607185069057,1.241797341374756,0.01,True
2269,58978.28032410005,674.9130835317555,r,r,7098.518763265306,7098.518763265306,3.2461797761138584e-17,-0.5800917524989213,3.2461797761138585e-19,0.01,20.422935884415818,1.1686613751000046,0.01,True
2270,58979.32391199982,675.9566714315224,r,r,6590.280742857143,6590.280742857143,2.967589741956237e-17,-0.6190604590525748,2.967589741956237e-19,0.01,20.52035765079996,1.2660831414841454,0.01,True
2271,58979.32780090021,675.9605603319142,r,r,6590.280742857143,6590.280742857143,2.946198668111361e-17,-0.6222022913959737,2.946198668111361e-19,0.01,20.528212231658454,1.273937722342641,0.01,True
2272,58980.27969910018,676.9124585318859,r,r,6260.0,6260.0,2.314699254581721e-17,-0.7269697484560442,2.314699254581721e-19,0.01,20.79013087430863,1.5358563649928172,0.01,True
2273,58981.278125000186,677.9108844318907,r,r,6590.280742857143,6590.280742857143,2.897825105781631e-17,-0.6293921495573276,2.897825105781631e-19,0.01,20.546186877061835,1.291912367746022,0.01,True
2274,58981.28334489977,677.9161043314743,r,r,6590.280742857143,6590.280742857143,3.165365656495932e-17,-0.5910404341899262,3.165365656495932e-19,0.01,20.450307588643337,1.196033079327524,0.01,True
2275,58985.27759259986,681.9103520315621,r,r,5931.423375510204,5931.423375510204,2.1486742404326866e-17,-0.7592937429572206,2.1486742404326867e-19,0.01,20.870940860561568,1.6166663512457546,0.01,True
2276,58985.28560189996,681.9183613316636,r,r,5931.423375510204,5931.423375510204,1.9697580560566288e-17,-0.7970514348784103,1.9697580560566288e-19,0.01,20.96533509036454,1.7110605810487272,0.01,True
2277,58986.302268499974,682.9350279316786,r,r,6751.988151020409,6751.988151020409,2.1638434432716414e-17,-0.756238484409332,2.1638434432716415e-19,0.01,20.86330271419185,1.6090282048760365,0.01,True
2278,58991.25510419998,687.8878636316877,r,r,6248.218097959184,6248.218097959184,2.0043203101118993e-17,-0.789497192967767,2.0043203101118993e-19,0.01,20.946449485587934,1.6921749762721205,0.01,True
2279,58991.261724499986,687.89448393169,r,r,6248.218097959184,6248.218097959184,1.7970679294862326e-17,-0.836899826414184,1.7970679294862326e-19,0.01,21.06495606920398,1.8106815598881667,0.01,True
2280,58992.282268499956,688.91502793166,r,r,5744.040816326531,5744.040816326531,1.9876534365203165e-17,-0.7931236563412281,1.9876534365203165e-19,0.01,20.955515644021588,1.701241134705775,0.01,True
2281,58993.30931709986,689.9420765315663,r,r,7103.3747102040825,7103.3747102040825,1.941942929492953e-17,-0.8032278576824492,1.9419429294929532e-19,0.01,20.980776147374637,1.7265016380588243,0.01,True
2282,58994.30505790003,690.9378173317309,r,r,6857.1466693877555,6857.1466693877555,1.7790461503529568e-17,-0.8412771059501107,1.7790461503529568e-19,0.01,21.07589926804379,1.8216247587279781,0.01,True
2283,58994.305995400064,690.9387548317682,r,r,6857.1466693877555,6857.1466693877555,1.8794505821726147e-17,-0.8174334092778661,1.8794505821726147e-19,0.01,21.01629002636318,1.7620155170473666,0.01,True
2284,58995.2817592998,691.914518731508,r,r,6590.280742857143,6590.280742857143,1.7802080958685124e-17,-0.8409935484918929,1.7802080958685123e-19,0.01,21.075190374398247,1.8209158650824335,0.01,True
2285,58996.28488430008,692.9176437317874,r,r,6260.0,6260.0,1.7527597329278895e-17,-0.8477419328503455,1.7527597329278894e-19,0.01,21.092061335294378,1.837786825978565,0.01,True
2286,58997.277280100156,693.9100395318601,r,r,6590.280742857143,6590.280742857143,1.8541722739194493e-17,-0.8233142376087645,1.8541722739194494e-19,0.01,21.030992097190428,1.7767175878746144,0.01,True
2287,58997.27821760019,693.9109770318973,r,r,6590.280742857143,6590.280742857143,1.8404948815948898e-17,-0.8265297062277828,1.8404948815948899e-19,0.01,21.039030768737973,1.78475625942216,0.01,True
2288,58998.28447919991,694.9172386316131,r,r,6751.988151020409,6751.988151020409,1.8863548642167884e-17,-0.815840923953969,1.8863548642167883e-19,0.01,21.01230881305344,1.7580343037376274,0.01,True
2289,58999.30534720002,695.9381066317219,r,r,7103.3747102040825,7103.3747102040825,3.147453601192825e-17,-0.5935049836523785,3.147453601192825e-19,0.01,20.456468962299464,1.202194452983651,0.01,True
2290,59000.36447919998,696.9972386316877,r,r,5805.5614857142855,5805.5614857142855,9.282156268437309e-17,-0.12381544459355531,9.28215626843731e-19,0.01,19.282245114652405,0.027970605336591348,0.01,True
2291,59000.36599540012,696.998754831824,r,r,5805.5614857142855,5805.5614857142855,3.539355243132163e-17,-0.542540165519183,3.539355243132163e-19,0.01,20.329056916966472,1.074782407650659,0.01,True
2292,59001.26496529998,697.897724731687,r,r,7098.518763265306,7098.518763265306,3.301562777821152e-17,-0.5727447606282201,3.301562777821152e-19,0.01,20.40456840473907,1.1502938954232569,0.01,True
2293,59003.228460600134,699.8612200318385,r,r,6260.0,6260.0,1.1964154894605744e-15,0.986417706771844,1.1964154894605744e-17,0.01,16.50666223623891,-2.7476122730769035,0.01,True
2294,59004.265451400075,700.8982108317796,r,r,5708.887755102041,5708.887755102041,3.6687247847238526e-17,-0.526949186561323,3.668724784723853e-19,0.01,20.29007946957183,1.0358049602560158,0.01,True
2295,59009.221238399856,705.8539978315603,r,r,5715.571428571429,5715.571428571429,3.173568468967391e-17,-0.5899164476930157,3.173568468967391e-19,0.01,20.44749762240106,1.1932231130852458,0.01,True
2296,59012.2650462999,708.8978057316053,r,r,6590.280742857143,6590.280742857143,1.8839450918127183e-17,-0.8163960792532503,1.8839450918127184e-19,0.01,21.013696701301647,1.7594221919858342,0.01,True
2297,59019.239062500186,715.8718219318907,r,r,6590.280742857143,6590.280742857143,1.6729580513385976e-17,-0.867979268879294,1.6729580513385977e-19,0.01,21.142654675366757,1.8883801660509434,0.01,True
2298,59025.20256939996,721.8353288316648,r,r,7103.3747102040825,7103.3747102040825,4.121748825305291e-17,-0.47638279740502476,4.1217488253052913e-19,0.01,20.16366349668108,0.9093889873652685,0.01,True
2299,59028.24005790008,724.8728173317868,r,r,5805.5614857142855,5805.5614857142855,3.4411934326961074e-17,-0.5547552348364011,3.4411934326961077e-19,0.01,20.35959459025952,1.1053200809437058,0.01,True
2300,59031.23895830009,727.8717177317958,r,r,7098.518763265306,7098.518763265306,4.3912958164622645e-17,-0.44887162621875554,4.391295816462265e-19,0.01,20.09488556871541,0.8406110593995955,0.01,True
2301,59034.342731500044,730.9754909317489,r,r,5931.408163265307,5931.408163265307,5.60843952586882e-17,-0.3426222788745843,5.608439525868821e-19,0.01,19.829262200354982,0.5749876910391691,0.01,True
2302,59035.30747690005,731.9402363317568,r,r,6260.0,6260.0,5.5274180960694743e-17,-0.34894200421289234,5.527418096069474e-19,0.01,19.845061513700752,0.5907870043849393,0.01,True
2303,59036.28361110017,732.9163705318715,r,r,5805.5614857142855,5805.5614857142855,4.484268025571854e-17,-0.43977275767747237,4.484268025571854e-19,0.01,20.072138397362203,0.8178638880463893,0.01,True
2304,59037.20206019981,733.8348196315128,r,r,7103.3747102040825,7103.3747102040825,7.165238367209103e-17,-0.23623367751939917,7.165238367209103e-19,0.01,19.56329069696702,0.3090161876512063,0.01,True
2305,59038.208784699906,734.8415441316101,r,r,6751.988151020409,6751.988151020409,3.582253733478693e-17,-0.5373079762645521,3.5822537334786934e-19,0.01,20.315976443829896,1.0617019345140832,0.01,True
2306,59039.241169000044,735.8739284317489,r,r,5931.423375510204,5931.423375510204,2.882535754584614e-17,-0.6316896173115172,2.882535754584614e-19,0.01,20.55193054644731,1.297656037131496,0.01,True
2307,59041.23925929982,737.8720187315266,r,r,7103.3747102040825,7103.3747102040825,1.903061432980794e-17,-0.812011512210228,1.9030614329807942e-19,0.01,21.002735283694086,1.7484607743782732,0.01,True
2308,59042.23899309989,738.8717525315951,r,r,6857.1466693877555,6857.1466693877555,2.010386716692841e-17,-0.7881847141788239,2.0103867166928413e-19,0.01,20.943168288615578,1.6888937792997645,0.01,True
2309,59043.2567592999,739.8895187316011,r,r,7098.518763265306,7098.518763265306,1.813265230333117e-17,-0.8330029862812918,1.813265230333117e-19,0.01,21.05521396887175,1.8009394595559378,0.01,True
2310,59045.216898099985,741.8496575316894,r,r,6590.280742857143,6590.280742857143,1.9994917608602763e-17,-0.7905447013298197,1.9994917608602764e-19,0.01,20.949068256493064,1.6947937471772505,0.01,True
2311,59046.20464120014,742.8374006318409,r,r,6260.0,6260.0,1.977576762164544e-17,-0.7953309700506406,1.9775767621645442e-19,0.01,20.961033928295123,1.7067594189793098,0.01,True
2312,59047.22754629981,743.8603057315122,r,r,7098.518763265306,7098.518763265306,1.9551405706715314e-17,-0.8002863324883247,1.9551405706715314e-19,0.01,20.973422334389326,1.719147825073513,0.01,True
2313,59048.20168979978,744.8344492314864,r,r,7103.3747102040825,7103.3747102040825,1.7355043829971328e-17,-0.8520386054270954,1.735504382997133e-19,0.01,21.10280301673626,1.848528507420447,0.01,True
2314,59048.202650499996,744.8354099317003,r,r,7103.3747102040825,7103.3747102040825,1.768237375170849e-17,-0.8439237542441393,1.768237375170849e-19,0.01,21.082515888778865,1.8282413794630514,0.01,True
2315,59049.3504745001,745.9832339318018,r,r,6590.280742857143,6590.280742857143,2.519126061476705e-17,-0.6902144193440076,2.5191260614767053e-19,0.01,20.69824255152854,1.4439680422127275,0.01,True
2316,59049.35140050016,745.9841599318679,r,r,6590.280742857143,6590.280742857143,2.6923597761085896e-17,-0.6613312266740738,2.69235977610859e-19,0.01,20.6260345698537,1.3717600605378877,0.01,True
2317,59050.26736109983,746.9001205315362,r,r,6857.1466693877555,6857.1466693877555,2.397895693238315e-17,-0.7116340325700161,2.3978956932383153e-19,0.01,20.751791584593555,1.4975170752777416,0.01,True
2318,59050.26885419991,746.9016136316131,r,r,6857.1466693877555,6857.1466693877555,2.478065396961633e-17,-0.6973515568761943,2.478065396961633e-19,0.01,20.716085395359002,1.4618108860431889,0.01,True
2319,59051.199560199864,747.8323196315687,r,r,6260.0,6260.0,2.2836980648025602e-17,-0.7328256363677692,2.28369806480256e-19,0.01,20.804770594087945,1.5504960847721314,0.01,True
2320,59051.2004976999,747.8332571316059,r,r,6260.0,6260.0,2.1511455479209806e-17,-0.758794524210268,2.1511455479209807e-19,0.01,20.869692813694186,1.6154183043783732,0.01,True
2321,59052.26373839984,748.8964978315416,r,r,6590.280742857143,6590.280742857143,1.9509248992458502e-17,-0.8012237686693862,1.9509248992458503e-19,0.01,20.975765924841987,1.7214914155261738,0.01,True
2322,59052.26469910005,748.8974585317555,r,r,6590.280742857143,6590.280742857143,1.8645032218154613e-17,-0.820901182093726,1.8645032218154614e-19,0.01,21.024959458402833,1.7706849490870198,0.01,True
2323,59054.202430599835,750.8351900315392,r,r,6751.988151020409,6751.988151020409,2.068112323089625e-17,-0.7758901978251007,2.068112323089625e-19,0.01,20.912431997731268,1.6581574884154548,0.01,True
2324,59054.20336809987,750.8361275315765,r,r,6751.988151020409,6751.988151020409,2.213886479611445e-17,-0.7463089722367489,2.213886479611445e-19,0.01,20.838478933760392,1.5842044244445788,0.01,True
2325,59055.24843750009,751.8811969317976,r,r,6260.0,6260.0,2.4724719640909356e-17,-0.6983329445063315,2.4724719640909356e-19,0.01,20.71853886443435,1.4642643551185373,0.01,True
2326,59056.19704859983,752.8298080315362,r,r,7103.3747102040825,7103.3747102040825,2.6558511204225197e-17,-0.6672605941961454,2.65585112042252e-19,0.01,20.64085798865888,1.3865834793430665,0.01,True
2327,59056.19797449978,752.8307339314852,r,r,7103.3747102040825,7103.3747102040825,2.6604138455022287e-17,-0.6665151208896756,2.6604138455022287e-19,0.01,20.63899430539271,1.3847197960768973,0.01,True
2328,59057.18237269996,753.8151321316618,r,r,6260.0,6260.0,2.494909590199964e-17,-0.6944095078329919,2.494909590199964e-19,0.01,20.708730272750994,1.4544557634351811,0.01,True
2329,59057.33045140002,753.9632108317237,r,r,6260.0,6260.0,2.829997237286281e-17,-0.639678308686408,2.829997237286281e-19,0.01,20.571902274884536,1.317627765568723,0.01,True
2330,59059.16443290003,755.7971923317309,r,r,7098.518763265306,7098.518763265306,3.316851468948006e-17,-0.5707382963137118,3.316851468948006e-19,0.01,20.399552243952794,1.1452777346369807,0.01,True
2331,59059.183553200215,755.8163126319196,r,r,7098.518763265306,7098.518763265306,2.851005809020335e-17,-0.6364662180418339,2.851005809020335e-19,0.01,20.5638720482731,1.3095975389572878,0.01,True
2332,59060.19812500011,756.8308844318162,r,r,6751.988151020409,6751.988151020409,2.7089149141355876e-17,-0.6586689559992518,2.708914914135588e-19,0.01,20.61937889316665,1.3651043838508379,0.01,True
2333,59061.261377300136,757.8941367318403,r,r,6590.280742857143,6590.280742857143,3.252301087107705e-17,-0.5792735759346233,3.252301087107705e-19,0.01,20.420890443005074,1.1666159336892612,0.01,True
2334,59062.244131899904,758.8768913316089,r,r,5700.402967346939,5700.402967346939,3.4626541249275223e-17,-0.5520552070167266,3.4626541249275225e-19,0.01,20.352844520710338,1.098570011394525,0.01,True
2335,59062.24505789997,758.877817331675,r,r,5700.402967346939,5700.402967346939,3.4466282478787666e-17,-0.5540698771592449,3.4466282478787667e-19,0.01,20.35788119606663,1.1036066867508154,0.01,True
2336,59063.175150500145,759.8079099318493,r,r,7098.518763265306,7098.518763265306,3.047540751481841e-17,-0.6075147985599809,3.0475407514818413e-19,0.01,20.491493499568474,1.2372189902526607,0.01,True
2337,59063.17609950015,759.8088589318577,r,r,7098.518763265306,7098.518763265306,3.1764030178462066e-17,-0.5895287202768937,3.1764030178462067e-19,0.01,20.44652830386075,1.1922537945449356,0.01,True
2338,59064.3037963002,760.9365557319034,r,r,7067.463706122449,7067.463706122449,6.832790743362103e-17,-0.25686619973788716,6.832790743362103e-19,0.01,19.61487200251324,0.36059749319742807,0.01,True
2339,59064.30473379977,760.937493231475,r,r,7067.463706122449,7067.463706122449,6.805648432036945e-17,-0.2585948098002806,6.805648432036946e-19,0.01,19.619193527669225,0.3649190183534117,0.01,True
2340,59065.17478010012,761.8075395318228,r,r,7103.3747102040825,7103.3747102040825,3.4378626200381695e-17,-0.5551758023269269,3.4378626200381696e-19,0.01,20.36064600898583,1.1063714996700185,0.01,True
2341,59065.175717600156,761.8084770318601,r,r,7103.3747102040825,7103.3747102040825,3.65428009607799e-17,-0.5286624878112338,3.6542800960779904e-19,0.01,20.294362722696604,1.0400882133807912,0.01,True
2342,59066.2174769002,762.8502363319058,r,r,7103.3747102040825,7103.3747102040825,3.213147620537025e-17,-0.5845336415898057,3.213147620537025e-19,0.01,20.434040607143032,1.179766097827219,0.01,True
2343,59066.219826399814,762.8525858315188,r,r,7103.3747102040825,7103.3747102040825,3.2509802560186675e-17,-0.5794499883120405,3.2509802560186676e-19,0.01,20.421331473948623,1.1670569646328097,0.01,True
2344,59067.27791670011,763.910676131818,r,r,7098.518763265306,7098.518763265306,3.803807543290412e-17,-0.5112457849000602,3.803807543290412e-19,0.01,20.250820965418665,0.9965464561028519,0.01,True
2345,59067.280775499996,763.9135349317003,r,r,7098.518763265306,7098.518763265306,3.7233106933161314e-17,-0.5205350426151991,3.7233106933161314e-19,0.01,20.274044109706516,1.0197696003907026,0.01,True
2346,59068.2447453998,764.8775048315074,r,r,6751.988151020409,6751.988151020409,3.308081067940593e-17,-0.5718881763964259,3.3080810679405932e-19,0.01,20.402426944159583,1.1481524348437695,0.01,True
2347,59069.220104199834,765.8528636315386,r,r,6590.280742857143,6590.280742857143,1.9555897277769125e-17,-0.8001865728841846,1.9555897277769124e-19,0.01,20.973172935378983,1.71889842606317,0.01,True
2348,59070.205266200006,766.8380256317105,r,r,6751.988151020409,6751.988151020409,2.1376729151991868e-17,-0.761523065576343,2.1376729151991869e-19,0.01,20.876514167109374,1.6222396577935605,0.01,True
2349,59070.20620370004,766.8389631317477,r,r,6751.988151020409,6751.988151020409,2.054552239764285e-17,-0.7787471319800598,2.0545522397642848e-19,0.01,20.919574333118668,1.6652998238028545,0.01,True
2350,59071.17974539986,767.8125048315633,r,r,7098.518763265306,7098.518763265306,2.163841726999912e-17,-0.7562388288740127,2.1638417269999122e-19,0.01,20.863303575353548,1.6090290660377349,0.01,True
2351,59072.19872689992,768.8314863316264,r,r,7103.3747102040825,7103.3747102040825,2.3210250196042936e-17,-0.7257844982617723,2.3210250196042935e-19,0.01,20.78716774882295,1.5328932395071355,0.01,True
2352,59073.20689810021,769.839657531913,r,r,5735.124130612246,5735.124130612246,2.092413381649782e-17,-0.7708168314260586,2.092413381649782e-19,0.01,20.899748581733665,1.6454740724178514,0.01,True
2353,59073.20782409981,769.8405835315134,r,r,5735.124130612246,5735.124130612246,2.3574217505636034e-17,-0.7190270340445206,2.3574217505636035e-19,0.01,20.77027408827982,1.5159995789640064,0.01,True
2354,59074.281481499784,770.9142409314882,r,r,6260.0,6260.0,1.2514317133458524e-16,0.00594283627836667,1.2514317133458523e-18,0.01,18.957849412472605,-0.2964250968432083,0.01,True
2355,59075.239756899886,771.8725163315903,r,r,7098.518763265306,7098.518763265306,2.6819691738046568e-17,-0.6630105384203073,2.681969173804657e-19,0.01,20.630232849219283,1.3759583399034696,0.01,True
2356,59076.20136569999,772.834125131696,r,r,7103.3747102040825,7103.3747102040825,2.3119520510259112e-17,-0.7274854974962732,2.311952051025911e-19,0.01,20.791420246909205,1.5371457375933915,0.01,True
2357,59077.15712960018,773.7898890318829,r,r,6590.280742857143,6590.280742857143,2.4315426597078e-17,-0.7055824268791984,2.4315426597078e-19,0.01,20.736662570366512,1.482388061050699,0.01,True
2358,59078.17480320018,774.8075626318823,r,r,6751.988151020409,6751.988151020409,2.1666173846135488e-17,-0.755682096703465,2.1666173846135488e-19,0.01,20.861911744927184,1.6076372356113708,0.01,True
2359,59079.22290509986,775.8556645315621,r,r,6260.0,6260.0,2.5166833283103063e-17,-0.6906357480862315,2.5166833283103063e-19,0.01,20.699295873384095,1.4450213640682819,0.01,True
2360,59080.178738399874,776.8114978315789,r,r,7103.3747102040825,7103.3747102040825,3.4103779541787616e-17,-0.558661808018142,3.410377954178762e-19,0.01,20.369361023213877,1.1150865138980635,0.01,True
2361,59081.175775500014,777.8085349317189,r,r,7103.3747102040825,7103.3747102040825,3.045895639940459e-17,-0.6077493010101609,3.045895639940459e-19,0.01,20.49207975569392,1.2378052463781053,0.01,True
2362,59082.18547450006,778.8182339317646,r,r,5805.5614857142855,5805.5614857142855,2.807926909695488e-17,-0.6430785213171983,2.807926909695488e-19,0.01,20.580402806461514,1.3261282971457007,0.01,True
2363,59084.19818289997,780.830942331675,r,r,7172.622224489796,7172.622224489796,3.198384000817396e-17,-0.5865337159209165,3.1983840008173957e-19,0.01,20.439040792970808,1.1847662836549944,0.01,True
2364,59086.1843634001,782.8171228318024,r,r,6857.1466693877555,6857.1466693877555,2.917490066493001e-17,-0.6264549342132337,2.9174900664930016e-19,0.01,20.538843838701602,1.2845693293857892,0.01,True
2365,59087.1620139,783.7947733317051,r,r,6590.280742857143,6590.280742857143,3.613975978154147e-17,-0.5334790587323983,3.6139759781541473e-19,0.01,20.306404149999516,1.0521296406837024,0.01,True
2366,59088.178935199976,784.8116946316804,r,r,7172.622224489796,7172.622224489796,4.005854362573503e-17,-0.48876916427089334,4.005854362573503e-19,0.01,20.194629413845753,0.94035490452994,0.01,True
2367,59089.21865739999,785.8514168316979,r,r,7098.518763265306,7098.518763265306,7.939559389685454e-17,-0.19166791856256715,7.939559389685455e-19,0.01,19.451876299574938,0.1976017902591245,0.01,True
2368,59090.161608799826,786.7943682315308,r,r,6857.1466693877555,6857.1466693877555,3.597489690644126e-17,-0.5354647621926762,3.597489690644126e-19,0.01,20.31136840865021,1.0570938993343972,0.01,True
2369,59093.20258100005,789.8353404317531,r,r,7098.518763265306,7098.518763265306,4.761397658412723e-17,-0.41372986621062857,4.761397658412723e-19,0.01,20.007031168695086,0.7527566593792727,0.01,True
2370,59093.20539350016,789.8381529318649,r,r,7098.518763265306,7098.518763265306,5.285536660182308e-17,-0.3683752308267092,5.285536660182308e-19,0.01,19.893644580235293,0.6393700709194796,0.01,True
2371,59094.157280100044,790.7900395317483,r,r,6260.0,6260.0,4.5037849689265353e-17,-0.43788667308724705,4.503784968926535e-19,0.01,20.06742318588664,0.813148676570826,0.01,True
2372,59094.15821760008,790.7909770317856,r,r,6260.0,6260.0,4.298898457692159e-17,-0.45810713327434094,4.298898457692159e-19,0.01,20.11797433635437,0.8636998270385554,0.01,True
2373,59095.139259300195,791.7720187318992,r,r,7103.3747102040825,7103.3747102040825,3.400381300044434e-17,-0.5599367010759355,3.400381300044434e-19,0.01,20.372548255858355,1.1182737465425419,0.01,True
2374,59095.141145799775,791.7739052314791,r,r,7103.3747102040825,7103.3747102040825,3.484029827702265e-17,-0.5493824557801812,3.4840298277022655e-19,0.01,20.346162642618967,1.0918881333031543,0.01,True
2375,59098.16381940013,794.7965788318324,r,r,6857.1466693877555,6857.1466693877555,2.6577389386094192e-17,-0.6669520009298981,2.6577389386094193e-19,0.01,20.640086505493265,1.385811996177452,0.01,True
2376,59099.13578699995,795.7685464316528,r,r,6590.280742857143,6590.280742857143,2.808975906011139e-17,-0.642916306184885,2.808975906011139e-19,0.01,20.57999726863073,1.3257227593149175,0.01,True
2377,59130.125104200095,826.7578636317994,r,r,6751.988151020409,6751.988151020409,3.0211732916396843e-17,-0.6112886835337807,3.0211732916396843e-19,0.01,20.500928212002968,1.246653702687155,0.01,True
2378,59193.52944440022,890.1622038319256,r,r,7103.3747102040825,7103.3747102040825,2.840333290500837e-17,-0.638095016204419,2.840333290500837e-19,0.01,20.567944043679567,1.313669534363754,0.01,True
2379,59199.51505789999,896.1478173316937,r,r,6590.280742857143,6590.280742857143,3.604310079159563e-17,-0.5346421739294893,3.6043100791595635e-19,0.01,20.309311937992245,1.0550374286764317,0.01,True
2380,59202.54696760001,899.1797270317111,r,r,5735.124130612246,5735.124130612246,3.2089888903712675e-17,-0.5850961066859934,3.2089888903712676e-19,0.01,20.4354467698835,1.1811722605676884,0.01,True
2381,59202.547905100044,899.1806645317483,r,r,5735.124130612246,5735.124130612246,3.740219154801253e-17,-0.5185672701984618,3.7402191548012527e-19,0.01,20.26912467866467,1.0148501693488576,0.01,True
2382,59203.5103356,900.1430950317081,r,r,6590.280742857143,6590.280742857143,4.6417782720736966e-17,-0.42477992895491745,4.641778272073697e-19,0.01,20.034656325555815,0.780381816240002,0.01,True
2383,59204.5141551001,901.1469145318042,r,r,5715.571428571429,5715.571428571429,2.5369871813929133e-17,-0.6871460473694793,2.536987181392913e-19,0.01,20.690571621592213,1.4362971122763994,0.01,True
2384,59215.47344909981,912.1062085315134,r,r,7103.3747102040825,7103.3747102040825,7.559340000691161e-17,-0.21298044095363444,7.559340000691161e-19,0.01,19.505157605552608,0.2508830962367945,0.01,True
2385,59215.56248839991,912.1952478316161,r,r,7103.3747102040825,7103.3747102040825,6.31598736592783e-17,-0.29102306763788555,6.3159873659278295e-19,0.01,19.700264172263232,0.4459896629474187,0.01,True
2386,59217.46880789986,914.1015673315633,r,r,7098.518763265306,7098.518763265306,4.15720800379738e-17,-0.47266256548748764,4.1572080037973804e-19,0.01,20.154362916887237,0.9000884075714239,0.01,True
2387,59217.49614580022,914.1289052319262,r,r,7098.518763265306,7098.518763265306,3.7482894449493686e-17,-0.5176312002750922,3.7482894449493687e-19,0.01,20.266784503856247,1.0125099945404337,0.01,True
2388,59218.49002309982,915.1227825315218,r,r,7103.3747102040825,7103.3747102040825,3.177749010519782e-17,-0.5893447280787374,3.1777490105197823e-19,0.01,20.44606832336536,1.1917938140495465,0.01,True
2389,59219.51327549992,916.1460349316258,r,r,7103.3747102040825,7103.3747102040825,3.79941166249923e-17,-0.5117479687597548,3.79941166249923e-19,0.01,20.252076425067905,0.9978019157520919,0.01,True
2390,59219.51429399988,916.1470534315813,r,r,7103.3747102040825,7103.3747102040825,4.092909995764211e-17,-0.47943212574869953,4.092909995764211e-19,0.01,20.17128681754027,0.9170123082244572,0.01,True
2391,59221.53361110017,918.1663705318715,r,r,7103.3747102040825,7103.3747102040825,4.8138232944793516e-17,-0.4089741760645591,4.813823294479352e-19,0.01,19.99514194332992,0.7408674340141062,0.01,True
2392,59221.534548600204,918.1673080319088,r,r,7103.3747102040825,7103.3747102040825,4.42163648683629e-17,-0.4458812849051501,4.42163648683629e-19,0.01,20.087409715431395,0.8331352061155819,0.01,True
2393,59223.50572919985,920.1384886315573,r,r,6590.280742857143,6590.280742857143,3.378544572277491e-17,-0.5627346674066214,3.378544572277491e-19,0.01,20.379543171685068,1.1252686623692547,0.01,True
2394,59223.51106479997,920.1438242316726,r,r,6590.280742857143,6590.280742857143,3.440732060809676e-17,-0.5548134660000112,3.440732060809676e-19,0.01,20.359740168168546,1.105465658852733,0.01,True
2395,59224.51071760012,921.1434770318228,r,r,7098.518763265306,7098.518763265306,2.938586639835087e-17,-0.6233258204789376,2.938586639835087e-19,0.01,20.531021054365862,1.2767465450500488,0.01,True
2396,59224.511655100156,921.1444145318601,r,r,7098.518763265306,7098.518763265306,2.7702791561642454e-17,-0.6489407858802121,2.7702791561642455e-19,0.01,20.595058467869045,1.3407839585532315,0.01,True
2397,59226.49482640019,923.1275858318913,r,r,7103.3747102040825,7103.3747102040825,3.00627790671202e-17,-0.6134351950312666,3.0062779067120197e-19,0.01,20.506294490746683,1.2520199814308697,0.01,True
2398,59226.507939800154,923.1406992318589,r,r,7103.3747102040825,7103.3747102040825,2.71057257819111e-17,-0.6584032798165378,2.71057257819111e-19,0.01,20.618714702709866,1.3644401933940529,0.01,True
2399,59227.5087731001,924.1415325318012,r,r,7098.518763265306,7098.518763265306,3.829566352906655e-17,-0.50831472152184,3.8295663529066547e-19,0.01,20.24349330697312,0.9892187976573084,0.01,True
2400,59227.516365699936,924.1491251316402,r,r,7098.518763265306,7098.518763265306,3.5372502835195184e-17,-0.5427985301737959,3.5372502835195186e-19,0.01,20.329702828603004,1.075428319287191,0.01,True
2401,59229.51592590008,926.1486853317838,r,r,6590.280742857143,6590.280742857143,4.753858542304857e-17,-0.41441806569578254,4.753858542304857e-19,0.01,20.00875166740797,0.7544771580921577,0.01,True
2402,59229.51878469996,926.151544131666,r,r,6590.280742857143,6590.280742857143,5.303570739494494e-17,-0.3668959543573802,5.303570739494494e-19,0.01,19.88994638906197,0.6356718797461554,0.01,True
2403,59231.532199100126,928.16495853183,r,r,6248.218097959184,6248.218097959184,2.7217856554597865e-17,-0.6566103993437888,2.7217856554597868e-19,0.01,20.614232501527987,1.3599579922121734,0.01,True
2404,59231.53313660016,928.1658960318673,r,r,6248.218097959184,6248.218097959184,2.52472049701578e-17,-0.6892510143505586,2.52472049701578e-19,0.01,20.69583403904491,1.4415595297290977,0.01,True
2405,59232.487499999814,929.1202594315182,r,r,6590.280742857143,6590.280742857143,1.9658594397900243e-17,-0.7979118579694511,1.9658594397900244e-19,0.01,20.967486148092142,1.713211638776329,0.01,True
2406,59233.4971758998,930.1299353315044,r,r,6260.0,6260.0,2.4790263811627663e-17,-0.6971831717989527,2.4790263811627666e-19,0.01,20.715664432665896,1.461389923350083,0.01,True
2407,59233.49811339984,930.1308728315416,r,r,6260.0,6260.0,2.254109789578919e-17,-0.7384892550946969,2.254109789578919e-19,0.01,20.81892964090526,1.564655131589447,0.01,True
2408,59248.44822920021,945.0809886319112,r,r,7103.3747102040825,7103.3747102040825,2.7660477710675042e-17,-0.6496046439147154,2.7660477710675044e-19,0.01,20.59671811295531,1.342443603639495,0.01,True
2409,59249.4911342999,946.1238937316011,r,r,5814.713836734694,5814.713836734694,2.610779751217477e-17,-0.6746940845220895,2.610779751217477e-19,0.01,20.659441714473743,1.4051672051579303,0.01,True
2410,59249.492071799934,946.1248312316384,r,r,5814.713836734694,5814.713836734694,2.6671228943814513e-17,-0.6654212928826322,2.6671228943814515e-19,0.01,20.6362597353751,1.3819852260592853,0.01,True
2411,59250.43232640019,947.0650858318913,r,r,7103.3747102040825,7103.3747102040825,3.4880556819250926e-17,-0.5488809110226409,3.4880556819250927e-19,0.01,20.344908780725117,1.0906342714093036,0.01,True
2412,59251.49769680016,948.1304562318619,r,r,6248.218097959184,6248.218097959184,2.965697022505887e-17,-0.6193375390837925,2.9656970225058867e-19,0.01,20.521050350878003,1.2667758415621897,0.01,True
2413,59251.498634300195,948.1313937318992,r,r,6248.218097959184,6248.218097959184,2.6239372615167583e-17,-0.6725108734188456,2.6239372615167583e-19,0.01,20.653983686715634,1.3997091773998207,0.01,True
2414,59253.4947106,950.1274700317081,r,r,7103.3747102040825,7103.3747102040825,2.0913755695230255e-17,-0.7710322897555333,2.0913755695230255e-19,0.01,20.90028722755735,1.6460127182415363,0.01,True
2415,59255.41207179986,952.0448312315639,r,r,5715.571428571429,5715.571428571429,2.174740194263161e-17,-0.754056938922373,2.174740194263161e-19,0.01,20.85784885047445,1.6035743411586374,0.01,True
2416,59255.4130092999,952.0457687316011,r,r,5715.571428571429,5715.571428571429,1.931995156121486e-17,-0.8054582870196736,1.9319951561214861e-19,0.01,20.986352220717702,1.7320777114018888,0.01,True
2417,59256.434155100025,953.0669145317297,r,r,6260.0,6260.0,2.1185342615296156e-17,-0.7654288283159882,2.1185342615296156e-19,0.01,20.88627857395849,1.6320040646426754,0.01,True
2418,59258.3504745001,954.9832339318018,r,r,7188.890371428572,7188.890371428572,3.414698774219694e-17,-0.5581119215842048,3.414698774219694e-19,0.01,20.36798630712903,1.1137117978132167,0.01,True
2419,59258.35150460014,954.9842640318457,r,r,7188.890371428572,7188.890371428572,3.117173166117629e-17,-0.5977033912404455,3.1171731661176295e-19,0.01,20.46696498126963,1.2126904719538167,0.01,True
2420,59260.41005790001,957.0428173317123,r,r,5735.124130612246,5735.124130612246,7.387524576448653e-17,-0.22296538156086676,7.387524576448653e-19,0.01,19.53011995707069,0.2758454477548753,0.01,True
2421,59262.493437500205,959.1261969319094,r,r,7103.3747102040825,7103.3747102040825,2.3719766265902477e-17,-0.7163539150575655,2.3719766265902475e-19,0.01,20.76359129081243,1.509316781496615,0.01,True
2422,59262.49437499978,959.127134431481,r,r,7103.3747102040825,7103.3747102040825,2.4201599342283297e-17,-0.7076202533284484,2.42015993422833e-19,0.01,20.741757136489642,1.4874826271738293,0.01,True
2423,59263.4695255002,960.1022849319052,r,r,6590.280742857143,6590.280742857143,3.811425192941711e-17,-0.5103769199745383,3.811425192941711e-19,0.01,20.248648803104864,0.9943742937890505,0.01,True
2424,59264.52946759993,961.1622270316366,r,r,7098.518763265306,7098.518763265306,2.3149328079864308e-17,-0.7269259303065194,2.314932807986431e-19,0.01,20.79002132893482,1.535746819619007,0.01,True
2425,59265.36447919998,961.9972386316877,r,r,6590.280742857143,6590.280742857143,3.1965336848782713e-17,-0.5867850348788952,3.1965336848782714e-19,0.01,20.439669090365754,1.185394581049941,0.01,True
2426,59265.36541670002,961.9981761317249,r,r,6590.280742857143,6590.280742857143,3.1327611396941676e-17,-0.5955370372871496,3.1327611396941676e-19,0.01,20.461549096386392,1.2072745870705788,0.01,True
2427,59266.36512729991,962.9978867316167,r,r,6260.0,6260.0,4.8731777789758397e-17,-0.4036520650230866,4.8731777789758395e-19,0.01,19.981836665726235,0.7275621564104213,0.01,True
2428,59267.408425900154,964.0411853318583,r,r,7098.518763265306,7098.518763265306,3.2581198047210116e-17,-0.5784972704803177,3.2581198047210117e-19,0.01,20.418949679369312,1.1646751700534992,0.01,True
2429,59267.4093865999,964.0421460316065,r,r,7098.518763265306,7098.518763265306,3.7933759967261485e-17,-0.5124384284458738,3.7933759967261487e-19,0.01,20.253802574283206,0.999528064967393,0.01,True
2430,59268.44241899997,965.0751784316744,r,r,6260.0,6260.0,2.4986117690662676e-17,-0.693765538965506,2.4986117690662677e-19,0.01,20.707120350582283,1.4528458412664698,0.01,True
2431,59269.38431710005,966.0170765317525,r,r,6248.218097959184,6248.218097959184,3.4855259350410945e-17,-0.5491960016664077,3.4855259350410945e-19,0.01,20.345696507334534,1.0914219980187205,0.01,True
2432,59269.38858800009,966.0213474317934,r,r,6248.218097959184,6248.218097959184,3.2698512133114114e-17,-0.5769363286543037,3.2698512133114117e-19,0.01,20.415047324804277,1.160772815488464,0.01,True
2433,59270.48752309987,967.1202825315777,r,r,6631.680608163266,6631.680608163266,4.1338521190134035e-17,-0.47510938376216494,4.1338521190134034e-19,0.01,20.16047996257393,0.9062054532581172,0.01,True
2434,59271.49484949978,968.1276089314852,r,r,7103.3747102040825,7103.3747102040825,1.6591839790612878e-16,0.1284302253129841,1.6591839790612878e-18,0.01,18.65163093988606,-0.6026435694297518,0.01,True
2435,59272.499594899826,969.1323543315302,r,r,7103.3747102040825,7103.3747102040825,4.9049987901503385e-17,-0.4008254156473843,4.904998790150339e-19,0.01,19.974770042286984,0.7204955329711709,0.01,True
2436,59274.42790509993,971.0606645316366,r,r,7103.3747102040825,7103.3747102040825,5.642454080855446e-17,-0.33999628683181093,5.642454080855446e-19,0.01,19.822697220248045,0.5684227109322322,0.01,True
2437,59275.430937500205,972.0636969319094,r,r,7103.3747102040825,7103.3747102040825,3.698440640255714e-17,-0.5234456675476249,3.698440640255714e-19,0.01,20.28132067203758,1.027046162721767,0.01,True
2438,59276.411585600115,973.0443450318198,r,r,6260.0,6260.0,3.4729096649096185e-17,-0.5507708333726153,3.4729096649096184e-19,0.01,20.349633586600056,1.0953590772842432,0.01,True
2439,59278.468275499996,975.1010349317003,r,r,5708.887755102041,5708.887755102041,3.021933419179053e-17,-0.6111794287370582,3.021933419179053e-19,0.01,20.500655075011164,1.2463805656953504,0.01,True
2440,59278.46921300003,975.1019724317375,r,r,5708.887755102041,5708.887755102041,3.056910084422802e-17,-0.6061816556123372,3.056910084422802e-19,0.01,20.488160642199365,1.2338861328835513,0.01,True
2441,59290.38392359996,987.0166830316666,r,r,6260.0,6260.0,2.1296380570589595e-17,-0.7631585211124357,2.1296380570589596e-19,0.01,20.880602805949607,1.626328296633794,0.01,True
2442,59292.47218749998,989.1049469316858,r,r,5770.765306122449,5770.765306122449,2.1556873687036363e-17,-0.7578785432687791,2.1556873687036364e-19,0.01,20.867402861340466,1.6131283520246527,0.01,True
2443,59293.26096059987,989.8937200315777,r,r,6260.0,6260.0,2.944918941136012e-17,-0.622390974905402,2.9449189411360123e-19,0.01,20.52868394043202,1.274409431116208,0.01,True
2444,59296.38751159981,993.0202710315134,r,r,6260.0,6260.0,6.148921934812917e-17,-0.3026653408571516,6.148921934812917e-19,0.01,19.7293698553114,0.47509534599558734,0.01,True
2445,59300.431330999825,997.0640904315296,r,r,6260.0,6260.0,5.892802158628741e-17,-0.32114245964186416,5.892802158628741e-19,0.01,19.77556265227318,0.521288142957367,0.01,True
2446,59300.43369209999,997.0664515316967,r,r,6260.0,6260.0,5.60334348051625e-17,-0.3430170750505912,5.603343480516251e-19,0.01,19.830249190794994,0.5759746814791811,0.01,True
2447,59301.415705999825,998.0484654315296,r,r,7103.3747102040825,7103.3747102040825,5.174742022409286e-17,-0.37757561655475946,5.174742022409287e-19,0.01,19.916645544555422,0.6623710352396088,0.01,True
2448,59302.43181709992,999.0645765316222,r,r,7103.3747102040825,7103.3747102040825,4.031259017560716e-17,-0.4860236167840366,4.031259017560716e-19,0.01,20.187765545128613,0.9334910358127999,0.01,True
2449,59302.432754599955,999.0655140316594,r,r,7103.3747102040825,7103.3747102040825,3.925899949756617e-17,-0.49752509268600953,3.9258999497566175e-19,0.01,20.21651923488354,0.9622447255677251,0.01,True
2450,59303.43293979997,1000.0656992316726,r,r,7098.518763265306,7098.518763265306,4.42637544646317e-17,-0.44541607210294565,4.42637544646317e-19,0.01,20.086246683425884,0.8319721741100707,0.01,True
2451,59304.45340280002,1001.0861622317243,r,r,5708.887755102041,5708.887755102041,5.712217739131643e-17,-0.33465956665909324,5.712217739131644e-19,0.01,19.809355419816256,0.5550809105004433,0.01,True
2452,59304.45576390019,1001.0885233318913,r,r,5708.887755102041,5708.887755102041,5.214492788113725e-17,-0.3742522490969673,5.214492788113725e-19,0.01,19.908337125910936,0.6540626165951231,0.01,True
2453,59305.44789349986,1002.0806529315669,r,r,7103.3747102040825,7103.3747102040825,3.180906186242279e-17,-0.5889134594960179,3.180906186242279e-19,0.01,20.444990151908563,1.1907156425927496,0.01,True
2454,59306.468900499865,1003.1016599315699,r,r,7098.518763265306,7098.518763265306,2.5030273081261016e-17,-0.692998732437923,2.5030273081261014e-19,0.01,20.705203334263327,1.450928824947514,0.01,True
2455,59307.40216440009,1004.034923831794,r,r,6248.218097959184,6248.218097959184,2.17762908457165e-17,-0.7534804118752998,2.1776290845716503e-19,0.01,20.856407532856764,1.6021330235409508,0.01,True
2456,59307.403125000186,1004.0358844318907,r,r,6248.218097959184,6248.218097959184,2.0474129852650682e-17,-0.7802588668654113,2.0474129852650683e-19,0.01,20.923353670332048,1.669079161016235,0.01,True
2457,59308.44898150023,1005.0817409319352,r,r,6590.280742857143,6590.280742857143,2.1811878171443426e-17,-0.7527712569384679,2.1811878171443425e-19,0.01,20.854634645514686,1.6003601361988729,0.01,True
2458,59309.40780089982,1006.040560331523,r,r,7098.518763265306,7098.518763265306,2.0237680684141366e-17,-0.7853035810362794,2.0237680684141366e-19,0.01,20.93596545575922,1.6816909464434069,0.01,True
2459,59309.40876160003,1006.0415210317369,r,r,7098.518763265306,7098.518763265306,2.5606729059851586e-17,-0.6831102139320091,2.5606729059851587e-19,0.01,20.68048203799854,1.4262075286827276,0.01,True
2460,59310.41210650001,1007.0448659317117,r,r,6590.280742857143,6590.280742857143,2.754858412644639e-17,-0.6513650372671922,2.7548584126446393e-19,0.01,20.601119096336497,1.3468445870206835,0.01,True
2461,59311.475544000044,1008.1083034317489,r,r,6590.280742857143,6590.280742857143,2.0136182613009264e-17,-0.7874871791108031,2.0136182613009263e-19,0.01,20.94142445094553,1.6871499416297162,0.01,True
2462,59313.42562500015,1010.0583844318535,r,r,7103.3747102040825,7103.3747102040825,3.967103582005026e-17,-0.492990780088844,3.9671035820050263e-19,0.01,20.20518345339063,0.9509089440748184,0.01,True
2463,59315.36547450023,1011.9982339319322,r,r,7098.518763265306,7098.518763265306,6.041229767725803e-17,-0.3103389665587404,6.041229767725803e-19,0.01,19.74855391956537,0.49427941024955757,0.01,True
2464,59320.47309029987,1017.1058497315753,r,r,6751.988151020409,6751.988151020409,2.2816884403609206e-17,-0.7332079780867407,2.2816884403609204e-19,0.01,20.805726448385368,1.5514519390695547,0.01,True
2465,59322.28493059985,1018.9176900315579,r,r,7103.3747102040825,7103.3747102040825,2.3374067285123213e-17,-0.7227300303659785,2.3374067285123214e-19,0.01,20.77953157908346,1.5252570697676475,0.01,True
2466,59324.28564810008,1020.9184075317826,r,r,7098.518763265306,7098.518763265306,2.4858119226713404e-17,-0.6959960535532286,2.4858119226713403e-19,0.01,20.71269663705159,1.4584221277357763,0.01,True
2467,59328.290080999956,1024.92284043166,r,r,6751.988151020409,6751.988151020409,3.6909259443248143e-17,-0.5243289887534939,3.690925944324814e-19,0.01,20.283528975052253,1.0292544657364395,0.01,True
2468,59329.27912040008,1025.9118798317868,r,r,7098.518763265306,7098.518763265306,4.236941839012816e-17,-0.4644118178101433,4.2369418390128165e-19,0.01,20.13373604769388,0.8794615383780666,0.01,True
2469,59334.36959489994,1031.002354331642,r,r,7098.518763265306,7098.518763265306,2.9986829369631363e-17,-0.6145337717903328,2.998682936963136e-19,0.01,20.509040932644346,1.2547664233285332,0.01,True
2470,59335.32559029991,1031.9583497316125,r,r,7103.3747102040825,7103.3747102040825,5.192315848500734e-17,-0.376103217518688,5.192315848500734e-19,0.01,19.912964546965238,0.6586900376494249,0.01,True
2471,59339.3251852002,1035.957944631904,r,r,6590.280742857143,6590.280742857143,2.047022025128382e-17,-0.7803418047213508,2.0470220251283822e-19,0.01,20.9235610149719,1.6692865056560855,0.01,True
2472,59341.28884259984,1037.9216020315434,r,r,7098.518763265306,7098.518763265306,1.686227212438999e-17,-0.8645482265485906,1.686227212438999e-19,0.01,21.134077069539998,1.879802560224185,0.01,True
2473,59343.32317129988,1039.9559307315867,r,r,7103.3747102040825,7103.3747102040825,2.2247539313035303e-17,-0.7441823373683771,2.22475393130353e-19,0.01,20.833162346589464,1.5788878372736512,0.01,True
2474,59345.32775459997,1041.960514031678,r,r,6590.280742857143,6590.280742857143,1.9012175105300204e-17,-0.8124325146761517,1.9012175105300203e-19,0.01,21.003787789858897,1.7495132805430842,0.01,True
2475,59345.32873839978,1041.9614978314858,r,r,6590.280742857143,6590.280742857143,1.901551170059153e-17,-0.8123563036284214,1.901551170059153e-19,0.01,21.003597262239573,1.74932275292376,0.01,True
2476,59346.39899310004,1043.0317525317441,r,r,6751.988151020409,6751.988151020409,1.9365751373155062e-17,-0.8044299683705578,1.9365751373155061e-19,0.01,20.98378142409491,1.7295069147790976,0.01,True
2477,59348.329919000156,1044.9626784318607,r,r,6590.280742857143,6590.280742857143,1.8538330046746132e-17,-0.823393710398177,1.8538330046746133e-19,0.01,21.03119077916396,1.7769162698481473,0.01,True
2478,59349.31033559982,1045.9430950315218,r,r,6590.280742857143,6590.280742857143,1.983625111076618e-17,-0.7940047227739004,1.9836251110766178e-19,0.01,20.95771831010327,1.7034438007874577,0.01,True
2479,59349.327442099806,1045.9602015315104,r,r,6590.280742857143,6590.280742857143,1.6073930019964365e-17,-0.8853422470058181,1.6073930019964366e-19,0.01,21.186062120683065,1.9317876113672519,0.01,True
2480,59349.34033560008,1045.9730950317826,r,r,6590.280742857143,6590.280742857143,1.9379578141495238e-17,-0.804120001232695,1.9379578141495238e-19,0.01,20.983006506250256,1.7287319969344423,0.01,True
2481,59352.305381900165,1048.9381413318697,r,r,6260.0,6260.0,2.0174500426915547e-17,-0.7866615309751079,2.0174500426915548e-19,0.01,20.93936033060629,1.6850858212904782,0.01,True
2482,59353.305914400145,1049.9386738318499,r,r,5931.423375510204,5931.423375510204,2.7481352789510096e-17,-0.6524262128674518,2.7481352789510097e-19,0.01,20.60377203533715,1.349497526021338,0.01,True
2483,59353.42982639978,1050.0625858314816,r,r,5931.423375510204,5931.423375510204,2.25147482114514e-17,-0.7389972257489443,2.25147482114514e-19,0.01,20.820199567540882,1.5659250582250692,0.01,True
2484,59354.26684030006,1050.8995997317616,r,r,5805.5614857142855,5805.5614857142855,3.334131858263733e-17,-0.5684815489298156,3.334131858263733e-19,0.01,20.39391037549306,1.1396358661772474,0.01,True
2485,59354.28210650012,1050.9148659318234,r,r,5805.5614857142855,5805.5614857142855,3.6295522729484264e-17,-0.5316112647319944,3.6295522729484264e-19,0.01,20.301734664998506,1.0474601556826926,0.01,True
2486,59354.41081020003,1051.0435696317363,r,r,5805.5614857142855,5805.5614857142855,3.822858979077843e-17,-0.5090760425570711,3.822858979077843e-19,0.01,20.245396609561197,0.9911221002453843,0.01,True
2487,59355.228425899986,1051.8611853316906,r,r,6590.280742857143,6590.280742857143,3.7289954331808707e-17,-0.519872468751144,3.728995433180871e-19,0.01,20.272387675046378,1.0181131657305649,0.01,True
2488,59355.365868099965,1051.9986275316696,r,r,6590.280742857143,6590.280742857143,5.825732971438423e-17,-0.32611374583561137,5.825732971438423e-19,0.01,19.787990867757546,0.5337163584417333,0.01,True
2489,59356.26935190009,1052.902111331794,r,r,6748.390146938776,6748.390146938776,3.1543930260335406e-17,-0.5925485163461044,3.154393026033541e-19,0.01,20.45407779403378,1.1998032847179658,0.01,True
2490,59356.36804400012,1053.0008034318234,r,r,6748.390146938776,6748.390146938776,3.079098833500438e-17,-0.6030406910479531,3.079098833500438e-19,0.01,20.4803082307884,1.2260337214725858,0.01,True
2491,59357.45020829979,1054.0829677314978,r,r,6260.0,6260.0,2.6343665186576235e-17,-0.6707881221457175,2.6343665186576237e-19,0.01,20.649676808532814,1.3954022992170003,0.01,True
2492,59358.29074069997,1054.9235001316774,r,r,6857.1466693877555,6857.1466693877555,4.548398623772922e-17,-0.43360580078757316,4.548398623772922e-19,0.01,20.05672100513745,0.8024464958216377,0.01,True
2493,59358.302488400135,1054.9352478318397,r,r,6857.1466693877555,6857.1466693877555,4.581095556976345e-17,-0.43049496943175036,4.5810955569763445e-19,0.01,20.048943926747896,0.7946694174320825,0.01,True
2494,59358.36483799992,1054.9975974316258,r,r,6857.1466693877555,6857.1466693877555,3.743022531626053e-17,-0.5182418788256644,3.7430225316260535e-19,0.01,20.268311200232677,1.014036690916864,0.01,True
2495,59359.20762730017,1055.8403867318775,r,r,7098.518763265306,7098.518763265306,4.7742710959608954e-17,-0.4125572444615049,4.774271095960895e-19,0.01,20.004099614322282,0.7498251050064688,0.01,True
2496,59359.41362270014,1056.046382131848,r,r,7098.518763265306,7098.518763265306,4.418799848186285e-17,-0.4461599898261408,4.418799848186285e-19,0.01,20.088106477733866,0.8338319684180533,0.01,True
2497,59361.36831020005,1058.001069631755,r,r,7103.3747102040825,7103.3747102040825,3.438788332020429e-17,-0.555058875755849,3.4387883320204293e-19,0.01,20.360353692558142,1.1060791832423291,0.01,True
2498,59363.346597199794,1059.9793566314984,r,r,6590.280742857143,6590.280742857143,2.857572114595207e-17,-0.6354671210430727,2.857572114595207e-19,0.01,20.561374305776198,1.3070997964603848,0.01,True
2499,59365.34653940005,1061.9792988317568,r,r,5931.423375510204,5931.423375510204,2.6668457957178613e-17,-0.665466415914894,2.6668457957178615e-19,0.01,20.636372542955755,1.3820980336399415,0.01,True
2500,59365.34750000015,1061.9802594318535,r,r,5931.423375510204,5931.423375510204,2.633653713839052e-17,-0.6709056491056042,2.633653713839052e-19,0.01,20.649970625932525,1.395696116616712,0.01,True
2501,59369.327025500126,1065.9597849318307,r,r,6590.280742857143,6590.280742857143,1.8764403514208974e-17,-0.8181295566941582,1.8764403514208974e-19,0.01,21.01803039490391,1.7637558855880968,0.01,True
2502,59371.32611110015,1067.9588705318529,r,r,5814.713836734694,5814.713836734694,1.9638219278453943e-17,-0.7983622152329932,1.9638219278453943e-19,0.01,20.968612041251,1.7143375319351861,0.01,True
2503,59376.30495369993,1072.937713131636,r,r,6857.1466693877555,6857.1466693877555,2.08811733880147e-17,-0.7717094206615212,2.08811733880147e-19,0.01,20.901980054822324,1.6477055455065113,0.01,True
2504,59378.299942099955,1074.9327015316594,r,r,6260.0,6260.0,1.855694358726009e-17,-0.8229578727390656,1.855694358726009e-19,0.01,21.030101185016186,1.7758266757003724,0.01,True
2505,59380.347650500014,1076.980409931719,r,r,7103.3747102040825,7103.3747102040825,3.662842881184303e-17,-0.5276460303783015,3.6628428811843033e-19,0.01,20.29182157911427,1.0375470697984568,0.01,True
2506,59382.34628470009,1078.9790441317964,r,r,6857.1466693877555,6857.1466693877555,2.5710282621830428e-17,-0.6813574695644729,2.5710282621830427e-19,0.01,20.6761001770797,1.421825667763887,0.01,True
2507,59384.329988399986,1080.9627478316906,r,r,5698.0042979591835,5698.0042979591835,3.4740080965222467e-17,-0.5506334939629749,3.4740080965222466e-19,0.01,20.34929023807595,1.0950157287601385,0.01,True
2508,59385.26717589982,1081.899935331523,r,r,7103.3747102040825,7103.3747102040825,3.516811500453108e-17,-0.5453152292939354,3.5168115004531083e-19,0.01,20.33599457640336,1.081720067087545,0.01,True
2509,59386.21939809993,1082.8521575316336,r,r,6751.988151020409,6751.988151020409,3.940105432041173e-17,-0.49595647711141133,3.940105432041173e-19,0.01,20.212597695947046,0.9583231866312332,0.01,True
2510,59390.32121529989,1086.953974731594,r,r,6857.1466693877555,6857.1466693877555,4.014626145522164e-17,-0.4878192115975839,4.014626145522164e-19,0.01,20.19225453216248,0.9379800228466664,0.01,True
2511,59391.292083300184,1087.924842731889,r,r,7098.518763265306,7098.518763265306,3.222772000580126e-17,-0.5832347384007459,3.222772000580126e-19,0.01,20.430793349170386,1.1765188398545732,0.01,True
2512,59392.328518500086,1088.9612779317904,r,r,6751.988151020409,6751.988151020409,3.3003161338940965e-17,-0.5729087777488306,3.3003161338940965e-19,0.01,20.404978447540593,1.1507039382247797,0.01,True
2513,59393.243159700185,1089.8759191318895,r,r,6590.280742857143,6590.280742857143,2.171475358517147e-17,-0.7547094148054914,2.1714753585171473e-19,0.01,20.859480040182248,1.605205530866435,0.01,True
2514,59394.31221059989,1090.9449700315963,r,r,5931.423375510204,5931.423375510204,3.3822015850961374e-17,-0.5622648315023238,3.3822015850961376e-19,0.01,20.378368581924327,1.1240940726085142,0.01,True
2515,59396.32861110009,1092.961370531797,r,r,7103.3747102040825,7103.3747102040825,2.6932675749031833e-17,-0.6611848177284809,2.6932675749031834e-19,0.01,20.625668547489724,1.3713940381739107,0.01,True
2516,59397.34572920017,1093.978488631874,r,r,7098.518763265306,7098.518763265306,2.379308663477999e-17,-0.7150135342996418,2.3793086634779993e-19,0.01,20.760240338917626,1.5059658296018128,0.01,True
2517,59399.22311339993,1095.8558728316348,r,r,6590.280742857143,6590.280742857143,2.169163889608774e-17,-0.755171954182531,2.169163889608774e-19,0.01,20.860636388624844,1.6063618793090306,0.01,True
2518,59400.22288190015,1096.855641331851,r,r,7098.518763265306,7098.518763265306,2.3097646349414572e-17,-0.7278965927107084,2.3097646349414575e-19,0.01,20.79244798494529,1.5381734756294776,0.01,True
2519,59401.30152780004,1097.934287231743,r,r,7103.3747102040825,7103.3747102040825,2.082492306318469e-17,-0.772880914643002,2.082492306318469e-19,0.01,20.904908789776027,1.6506342804602134,0.01,True
2520,59403.30188659998,1099.934646031681,r,r,6590.280742857143,6590.280742857143,2.5866986738049382e-17,-0.6787184798228107,2.586698673804938e-19,0.01,20.669502702725545,1.4152281934097317,0.01,True
2521,59404.30178239988,1100.934541831586,r,r,7103.3747102040825,7103.3747102040825,2.6208604084125768e-17,-0.6730204299593137,2.6208604084125767e-19,0.01,20.655257578066802,1.400983068750989,0.01,True
2522,59406.250150499865,1102.8829099315699,r,r,6857.1466693877555,6857.1466693877555,2.4485027253993298e-17,-0.7025637284792854,2.44850272539933e-19,0.01,20.72911582436673,1.4748413150509165,0.01,True
2523,59407.20150459977,1103.8342640314731,r,r,7098.518763265306,7098.518763265306,2.398275041870465e-17,-0.7115653323393101,2.398275041870465e-19,0.01,20.751619834016793,1.49734532470098,0.01,True
2524,59408.21956019988,1104.8523196315873,r,r,7103.3747102040825,7103.3747102040825,2.5697472422893145e-17,-0.68157391157097,2.5697472422893146e-19,0.01,20.67664128209594,1.4223667727801264,0.01,True
2525,59409.19840280013,1105.831162231836,r,r,6590.280742857143,6590.280742857143,2.2796296716802546e-17,-0.7336000191223722,2.279629671680255e-19,0.01,20.806706550974447,1.5524320416586335,0.01,True
2526,59410.21361109987,1106.8463705315735,r,r,7098.518763265306,7098.518763265306,2.4923898316384574e-17,-0.6948483494743467,2.4923898316384573e-19,0.01,20.709827376854385,1.4555528675385716,0.01,True
2527,59411.22391200019,1107.856671431895,r,r,7103.3747102040825,7103.3747102040825,3.104902301671828e-17,-0.5994163809505952,3.1049023016718283e-19,0.01,20.471247455545008,1.2169729462291947,0.01,True
2528,59417.26461810013,1113.8973775318373,r,r,6260.0,6260.0,5.071308052525508e-16,0.6136556719760424,5.0713080525255084e-18,0.01,17.438567323228416,-1.8157071860873977,0.01,True
2529,59419.267488399986,1115.9002478316906,r,r,7103.3747102040825,7103.3747102040825,2.4598167915926927e-16,0.29943844159190824,2.459816791592693e-18,0.01,18.22411039918875,-1.030164110127064,0.01,True
2530,59423.23496530019,1119.867724731892,r,r,7103.3747102040825,7103.3747102040825,3.1521591168906333e-17,-0.592856188250634,3.1521591168906334e-19,0.01,20.4548469737951,1.2005724644792863,0.01,True
2531,59425.1869212999,1121.8196807316053,r,r,7098.518763265306,7098.518763265306,2.2744971270290174e-17,-0.7345789276431116,2.2744971270290173e-19,0.01,20.809153822276294,1.5548793129604803,0.01,True
2532,59426.242986099795,1122.875745531499,r,r,7115.255102040816,7115.255102040816,2.6219040542885688e-17,-0.6728475251285833,2.621904054288569e-19,0.01,20.654825315989974,1.4005508066741612,0.01,True
2533,59427.18668980012,1123.8194492318216,r,r,7103.3747102040825,7103.3747102040825,2.2306295004683462e-17,-0.7430368787183408,2.230629500468346e-19,0.01,20.830298699964374,1.5760241906485604,0.01,True
2534,59434.18178239977,1130.8145418314743,r,r,7103.3747102040825,7103.3747102040825,1.9869645683909343e-17,-0.7932741974145952,1.9869645683909342e-19,0.01,20.95589199670501,1.7016174873891963,0.01,True
2535,59435.24079860002,1131.8735580317225,r,r,6590.280742857143,6590.280742857143,2.351819919127637e-17,-0.7200602558663451,2.351819919127637e-19,0.01,20.772857142834383,1.5185826335185695,0.01,True
2536,59436.21731479978,1132.8500742314864,r,r,6751.988151020409,6751.988151020409,2.90362576899989e-17,-0.6285236782314652,2.90362576899989e-19,0.01,20.54401569874718,1.2897411894313677,0.01,True
2537,59436.21826389991,1132.851023331612,r,r,6751.988151020409,6751.988151020409,2.4602428376416758e-17,-0.7004863440966762,2.4602428376416757e-19,0.01,20.723922363410207,1.4696478540943936,0.01,True
2538,59438.17918979982,1134.8119492315236,r,r,6590.280742857143,6590.280742857143,2.872924491799534e-17,-0.6331401085296324,2.872924491799534e-19,0.01,20.5555567744926,1.3012822651767877,0.01,True
2539,59439.20170139987,1135.8344608315747,r,r,7103.3747102040825,7103.3747102040825,3.778633364003078e-17,-0.5141295653226745,3.778633364003078e-19,0.01,20.2580304164752,1.0037559071593876,0.01,True
2540,59439.204768499825,1135.8375279315296,r,r,7103.3747102040825,7103.3747102040825,3.717132300256848e-17,-0.5212563014519969,3.7171323002568476e-19,0.01,20.275847256798507,1.0215727474826934,0.01,True
2541,59440.224768499844,1136.8575279315482,r,r,7098.518763265306,7098.518763265306,2.9788221286918745e-17,-0.6174197488273503,2.9788221286918744e-19,0.01,20.51625587523689,1.261981365921077,0.01,True
2542,59441.1819329001,1137.8146923318054,r,r,7103.3747102040825,7103.3747102040825,3.084920368952641e-17,-0.6022203621710407,3.084920368952641e-19,0.01,20.47825740859612,1.2239828992803083,0.01,True
2543,59443.24299769988,1139.8757571315873,r,r,6590.280742857143,6590.280742857143,4.8584957106306584e-17,-0.4049624965968288,4.858495710630659e-19,0.01,19.98511274466059,0.7308382353447769,0.01,True
2544,59447.21965279989,1143.852412231594,r,r,5715.571428571429,5715.571428571429,5.308619149412973e-17,-0.36648275090770177,5.308619149412973e-19,0.01,19.88891338043777,0.6346388711219575,0.01,True
2545,59448.2237383998,1144.8564978315044,r,r,6857.1466693877555,6857.1466693877555,5.54144566714274e-17,-0.34784124082771406,5.54144566714274e-19,0.01,19.84230960523781,0.5880350959219953,0.01,True
2546,59449.18266199995,1145.8154214316528,r,r,7103.3747102040825,7103.3747102040825,4.4788004079347504e-17,-0.4403026111492192,4.478800407934751e-19,0.01,20.073463031041562,0.8191885217257493,0.01,True
2547,59449.183599499986,1145.81635893169,r,r,7103.3747102040825,7103.3747102040825,4.34022082103675e-17,-0.45395249420441,4.34022082103675e-19,0.01,20.107587738679545,0.8533132293637316,0.01,True
2548,59450.282777800225,1146.9155372319292,r,r,7103.3747102040825,7103.3747102040825,9.361455653860338e-17,-0.1201209358962263,9.36145565386034e-19,0.01,19.273008842909082,0.018734333593268815,0.01,True
2549,59451.17847219994,1147.8112316316474,r,r,7103.3747102040825,7103.3747102040825,2.8910245919799523e-17,-0.6304125343076716,2.891024591979952e-19,0.01,20.548737838937697,1.294463329621884,0.01,True
2550,59451.17942130007,1147.812180731773,r,r,7103.3747102040825,7103.3747102040825,2.726999578489945e-17,-0.6557792494287273,2.726999578489945e-19,0.01,20.612154626740335,1.3578801174245214,0.01,True
2551,59452.24361110013,1148.8763705318343,r,r,6015.878522448979,6015.878522448979,4.278764290109463e-17,-0.4601459576476703,4.278764290109463e-19,0.01,20.123071397287696,0.8687968879718824,0.01,True
2552,59453.25807869993,1149.890838131636,r,r,7103.3747102040825,7103.3747102040825,3.037789198044041e-17,-0.6089066867593811,3.037789198044041e-19,0.01,20.494973220066967,1.240698710751154,0.01,True
2553,59453.26045140019,1149.8932108318913,r,r,7103.3747102040825,7103.3747102040825,3.4357402892497224e-17,-0.5554439925589332,3.4357402892497227e-19,0.01,20.361316484565855,1.1070419752500413,0.01,True
2554,59454.26740740007,1150.9001668317724,r,r,7103.3747102040825,7103.3747102040825,3.786480724921066e-17,-0.5132285698514902,3.786480724921066e-19,0.01,20.25577792779724,1.0015034184814269,0.01,True
2555,59455.160439800005,1151.7931992317099,r,r,7103.3747102040825,7103.3747102040825,2.064723998478014e-17,-0.7766023145879846,2.0647239984780142e-19,0.01,20.914212289638478,1.6599377803226645,0.01,True
2556,59455.16138890013,1151.7941483318355,r,r,7103.3747102040825,7103.3747102040825,2.1826587179494864e-17,-0.7524784858145726,2.1826587179494864e-19,0.01,20.853902717704948,1.5996282083891344,0.01,True
2557,59458.21696759993,1154.8497270316366,r,r,5708.887755102041,5708.887755102041,2.9124541828636236e-17,-0.6272052182372843,2.912454182863624e-19,0.01,20.54071954876173,1.2864450394459155,0.01,True
2558,59459.19733799994,1155.8300974316444,r,r,6590.280742857143,6590.280742857143,2.3581685976200278e-17,-0.7188894684231695,2.3581685976200277e-19,0.01,20.769930174226438,1.515655664910625,0.01,True
2559,59460.23868060019,1156.8714400318931,r,r,6248.218097959184,6248.218097959184,3.17287101968387e-17,-0.5900119022788513,3.17287101968387e-19,0.01,20.44773625886565,1.1934617495498365,0.01,True
2560,59460.239699100144,1156.8724585318487,r,r,6248.218097959184,6248.218097959184,2.7709241346845627e-17,-0.6488396848742095,2.7709241346845626e-19,0.01,20.594805715354042,1.3405312060382286,0.01,True
2561,59461.1618170999,1157.7945765316035,r,r,6590.280742857143,6590.280742857143,3.569386377535189e-17,-0.5388707584029842,3.569386377535189e-19,0.01,20.31988339917598,1.0656088898601652,0.01,True
2562,59462.22100690007,1158.8537663317766,r,r,6590.280742857143,6590.280742857143,2.757807101627339e-17,-0.6509004346270171,2.757807101627339e-19,0.01,20.59995758973606,1.3456830804202475,0.01,True
2563,59464.2224653,1160.8552247317057,r,r,7103.3747102040825,7103.3747102040825,2.813777145287645e-17,-0.6421746224538563,2.813777145287645e-19,0.01,20.57814305930316,1.3238685499873455,0.01,True
2564,59466.156099500135,1162.788858931839,r,r,7098.518763265306,7098.518763265306,2.4804159689524646e-17,-0.6969398015640049,2.4804159689524646e-19,0.01,20.715056007078527,1.4607814977627136,0.01,True
2565,59468.239062500186,1164.8718219318907,r,r,7103.3747102040825,7103.3747102040825,3.107021560747607e-17,-0.5991200532497327,3.107021560747607e-19,0.01,20.470506636292853,1.2162321269770402,0.01,True
2566,59470.1568287001,1166.7895881318036,r,r,7103.3747102040825,7103.3747102040825,2.741745963685304e-17,-0.6534371074545131,2.741745963685304e-19,0.01,20.6062992718048,1.3520247624889876,0.01,True
2567,59473.14579859981,1169.7785580315176,r,r,5814.713836734694,5814.713836734694,2.991539702412425e-17,-0.6155695492582378,2.991539702412425e-19,0.01,20.511630376314116,1.257355866998303,0.01,True
2568,59476.19651619997,1172.8292756316732,r,r,7103.3747102040825,7103.3747102040825,6.77575355548805e-17,-0.2605067185859422,6.77575355548805e-19,0.01,19.623973299633377,0.3696987903175639,0.01,True
2569,59478.19770829985,1174.8304677315537,r,r,6590.280742857143,6590.280742857143,6.655710468578134e-17,-0.2682698988812984,6.655710468578134e-19,0.01,19.643381250371768,0.38910674105595433,0.01,True
2570,59480.1999884001,1176.8327478318024,r,r,6590.280742857143,6590.280742857143,5.13994955932668e-17,-0.3805054631558047,5.139949559326681e-19,0.01,19.92397016105803,0.6696956517422166,0.01,True
2571,59491.18109950004,1187.813858931746,r,r,7103.3747102040825,7103.3747102040825,3.9257219880496396e-17,-0.49754477977434597,3.9257219880496397e-19,0.01,20.216568452604385,0.9622939432885715,0.01,True
2572,59600.48784720013,1297.1206066318337,r,r,7103.3747102040825,7103.3747102040825,3.379273118606445e-17,-0.5626410266290289,3.379273118606445e-19,0.01,20.379309069741087,1.1250345604252736,0.01,True
2573,59623.39041669993,1320.0231761316318,r,r,6751.988151020409,6751.988151020409,3.339984082694604e-17,-0.5677199231351633,3.339984082694604e-19,0.01,20.392006311006426,1.137731801690613,0.01,True
2574,59625.42886570003,1322.0616251317333,r,r,6857.1466693877555,6857.1466693877555,3.922921204825797e-17,-0.49785473519488654,3.922921204825797e-19,0.01,20.217343341155733,0.9630688318399194,0.01,True
2575,59628.44997690013,1325.0827363318313,r,r,7103.3747102040825,7103.3747102040825,5.56495998642843e-17,-0.34600227425498,5.56495998642843e-19,0.01,19.83771218880597,0.5834376794901566,0.01,True
2576,59630.51925930008,1327.1520187317874,r,r,7103.3747102040825,7103.3747102040825,2.6250951383118518e-17,-0.6723192725778961,2.625095138311852e-19,0.01,20.65350468461326,1.399230175297447,0.01,True
2577,59637.43222220009,1334.0649816317964,r,r,6751.988151020409,6751.988151020409,2.6319254312400396e-17,-0.6711907397298997,2.63192543124004e-19,0.01,20.650683352493267,1.3964088431774542,0.01,True
2578,59639.49337959988,1336.126139031585,r,r,6590.280742857143,6590.280742857143,3.025964613982393e-17,-0.6106004752202363,3.025964613982393e-19,0.01,20.499207691219105,1.244933181903292,0.01,True
2579,59641.412754599936,1338.0455140316408,r,r,6751.988151020409,6751.988151020409,2.1258290017284986e-17,-0.763935992600393,2.1258290017284987e-19,0.01,20.882546484669504,1.628271975353691,0.01,True
2580,59673.38256940013,1370.0153288318324,r,r,7098.518763265306,7098.518763265306,2.9792748700143224e-17,-0.6173537468611219,2.9792748700143223e-19,0.01,20.51609087032132,1.2618163610055078,0.01,True
2581,59675.43753470015,1372.0702941318523,r,r,5735.124130612246,5735.124130612246,2.3452618644712184e-17,-0.7212729785444711,2.3452618644712184e-19,0.01,20.775888949529694,1.521614440213881,0.01,True
2582,59677.40797450021,1374.0407339319136,r,r,6857.1466693877555,6857.1466693877555,2.4878182487744892e-17,-0.6956456710870125,2.4878182487744894e-19,0.01,20.71182068088605,1.457546171570236,0.01,True
2583,59679.36732639978,1376.0000858314816,r,r,6260.0,6260.0,2.6036312859077465e-17,-0.6758848387456684,2.6036312859077464e-19,0.01,20.66241860003269,1.4081440907168776,0.01,True
2584,59683.38042820012,1380.0131876318264,r,r,6260.0,6260.0,3.494464840218466e-17,-0.5480836450917099,3.494464840218466e-19,0.01,20.342915615897795,1.0886411065819814,0.01,True
2585,59685.34400459984,1381.9767640315476,r,r,5735.124130612246,5735.124130612246,4.657150558809734e-17,-0.4233440419819896,4.657150558809734e-19,0.01,20.03106660812349,0.7767920988076753,0.01,True
2586,59688.386979199946,1385.0197386316504,r,r,5735.124130612246,5735.124130612246,4.7274585909341766e-17,-0.4168365868088397,4.727458590934177e-19,0.01,20.01479797019062,0.7605234608748077,0.01,True
2587,59693.32640049979,1389.9591599314954,r,r,7098.518763265306,7098.518763265306,3.429443310568386e-17,-0.556240691968684,3.429443310568386e-19,0.01,20.363308233090226,1.109033723774413,0.01,True
2588,59697.3707059999,1394.0034654316041,r,r,6260.0,6260.0,9.87693439148556e-17,-0.09684215130772778,9.876934391485561e-19,0.01,19.214811881437836,-0.039462627877977496,0.01,True
2589,59700.30252309982,1396.9352825315218,r,r,6590.280742857143,6590.280742857143,2.3271287008427046e-17,-0.724643917823089,2.3271287008427046e-19,0.01,20.784316297726242,1.5300417884104291,0.01,True
2590,59702.39400460012,1399.026764031827,r,r,6590.280742857143,6590.280742857143,2.2376712833781664e-17,-0.7416680317493398,2.2376712833781665e-19,0.01,20.826876582541864,1.5726020732260508,0.01,True
2591,59707.195185199846,1403.82794463155,r,r,6260.0,6260.0,3.0098501969270274e-17,-0.6129194393546111,3.0098501969270276e-19,0.01,20.505005101555046,1.2507305922392327,0.01,True
2592,59707.27806709986,1403.9108265315663,r,r,6260.0,6260.0,2.8247286242512914e-17,-0.6404875893788802,2.824728624251291e-19,0.01,20.57392547661572,1.319650967299907,0.01,True
2593,59707.350590299815,1403.9833497315194,r,r,6260.0,6260.0,2.4501999065877737e-17,-0.7022628012706758,2.4501999065877736e-19,0.01,20.72836350634521,1.4740889970293978,0.01,True
2594,59707.36175929988,1403.9945187315825,r,r,6260.0,6260.0,2.567974093886042e-17,-0.6818736820518208,2.567974093886042e-19,0.01,20.67739070829807,1.4231161989822567,0.01,True
2595,59707.405532400124,1404.0382918318282,r,r,6260.0,6260.0,2.4602692744609072e-17,-0.7004816773609992,2.460269274460907e-19,0.01,20.723910696571014,1.469636187255201,0.01,True
2596,59708.29023149982,1404.9229909315254,r,r,6260.0,6260.0,3.8248820731456356e-17,-0.5088462704964041,3.8248820731456356e-19,0.01,20.24482217940953,0.9905476700937186,0.01,True
2597,59708.32326389989,1404.9560233315933,r,r,6260.0,6260.0,5.0777169711851755e-17,-0.3857958303362832,5.077716971185175e-19,0.01,19.937196079009226,0.6829215696934128,0.01,True
2598,59708.324213000014,1404.956972431719,r,r,6260.0,6260.0,3.879405866392887e-17,-0.5026991020457441,3.8794058663928873e-19,0.01,20.22945425828288,0.975179748967065,0.01,True
2599,59708.34312500013,1404.9758844318349,r,r,6260.0,6260.0,3.562619601696025e-17,-0.5396948671593744,3.562619601696025e-19,0.01,20.321943671066954,1.067669161751141,0.01,True
2600,59708.37331019994,1405.0060696316432,r,r,6260.0,6260.0,2.896349465579968e-17,-0.6296133587745576,2.896349465579968e-19,0.01,20.54673990010491,1.292465390789097,0.01,True
2601,59709.20225689979,1405.8350163314972,r,r,6302.275510204082,6302.275510204082,3.229430712665297e-17,-0.5823383490371956,3.229430712665297e-19,0.01,20.42855237576151,1.1742778664456957,0.01,True
2602,59709.36253469996,1405.995294131666,r,r,6302.275510204082,6302.275510204082,2.719564057439196e-17,-0.6569650274658034,2.719564057439196e-19,0.01,20.61511907183303,1.3608445625172152,0.01,True
2603,59709.38714119978,1406.019900631487,r,r,6302.275510204082,6302.275510204082,2.964608646637792e-17,-0.6194969492948115,2.964608646637792e-19,0.01,20.521448876405543,1.26717436708973,0.01,True
2604,59709.41127309995,1406.0440325316522,r,r,6302.275510204082,6302.275510204082,2.6440852867399165e-17,-0.6691888607432173,2.6440852867399165e-19,0.01,20.645678655026565,1.3914041457107515,0.01,True
2605,59709.44832180021,1406.0810812319178,r,r,6302.275510204082,6302.275510204082,6.952065088925345e-17,-0.24935049068660398,6.952065088925346e-19,0.01,19.596082729885026,0.341808220569213,0.01,True
2606,59710.24783559982,1406.8805950315218,r,r,6248.218097959184,6248.218097959184,3.7016201966648814e-17,-0.5230724641594886,3.7016201966648815e-19,0.01,20.280387663567236,1.0261131542514228,0.01,True
2607,59710.36594909988,1406.998708531588,r,r,6248.218097959184,6248.218097959184,3.2383097322725537e-17,-0.5811459351871324,3.238309732272554e-19,0.01,20.425571341136347,1.1712968318205341,0.01,True
2608,59710.41524309991,1407.0480025316137,r,r,6248.218097959184,6248.218097959184,3.4584582798743856e-17,-0.5525817791832122,3.458458279874386e-19,0.01,20.35416095112655,1.0998864418107352,0.01,True
2609,59711.28850689996,1407.9212663316648,r,r,6857.1466693877555,6857.1466693877555,5.346955732250164e-17,-0.36335773167525254,5.346955732250164e-19,0.01,19.88110083235665,0.626826323040838,0.01,True
2610,59711.37497689994,1408.007736331645,r,r,6857.1466693877555,6857.1466693877555,4.089558040063732e-17,-0.4797879440517736,4.089558040063732e-19,0.01,20.172176363297954,0.9179018539821406,0.01,True
2611,59711.44622689998,1408.0789863316822,r,r,6857.1466693877555,6857.1466693877555,3.431471930423292e-17,-0.5559838695467203,3.431471930423292e-19,0.01,20.362666177035315,1.108391667719502,0.01,True
2612,59712.216053199954,1408.8488126316588,r,r,7098.518763265306,7098.518763265306,3.5436160322903594e-17,-0.5420176623573862,3.543616032290359e-19,0.01,20.32775065906198,1.073476149746167,0.01,True
2613,59712.365868099965,1408.9986275316696,r,r,7098.518763265306,7098.518763265306,3.772795044414998e-17,-0.5148011072744101,3.772795044414998e-19,0.01,20.259709271354545,1.0054347620387318,0.01,True
2614,59712.39341440005,1409.0261738317568,r,r,7098.518763265306,7098.518763265306,3.9135231682469216e-17,-0.49889641103392,3.9135231682469218e-19,0.01,20.21994753075332,0.9656730214375067,0.01,True
2615,59713.24787040008,1409.8806298317868,r,r,6857.1466693877555,6857.1466693877555,4.337445999767648e-17,-0.45423023927837924,4.337445999767648e-19,0.01,20.10828210136447,0.8540075920486565,0.01,True
2616,59713.38649309985,1410.0192525315579,r,r,6857.1466693877555,6857.1466693877555,4.399907266819174e-17,-0.4480207969222558,4.399907266819174e-19,0.01,20.09275849547416,0.838483986158348,0.01,True
2617,59714.207094899844,1410.8398543315488,r,r,7103.3747102040825,7103.3747102040825,4.2435019659391834e-17,-0.4637399125281778,4.2435019659391835e-19,0.01,20.13205628448896,0.8777817751731476,0.01,True
2618,59714.34380789986,1410.9765673315633,r,r,7103.3747102040825,7103.3747102040825,4.6026405038237696e-17,-0.4284572652485057,4.60264050382377e-19,0.01,20.043849666289784,0.7895751569739708,0.01,True
2619,59714.41390050016,1411.046659931868,r,r,7103.3747102040825,7103.3747102040825,3.9747698082050536e-17,-0.4921523379213095,3.974769808205054e-19,0.01,20.20308734797179,0.9488128386559751,0.01,True
2620,59717.25807869993,1413.890838131636,r,r,6857.1466693877555,6857.1466693877555,3.948384881809186e-17,-0.49504483989701065,3.948384881809186e-19,0.01,20.210318602911048,0.956044093595235,0.01,True
2621,59717.25901619997,1413.8917756316732,r,r,6857.1466693877555,6857.1466693877555,3.8570522046598283e-17,-0.5052088032211923,3.8570522046598283e-19,0.01,20.235728511221495,0.9814540019056821,0.01,True
2622,59718.22046299977,1414.8532224314768,r,r,6260.0,6260.0,2.364517156127174e-17,-0.7177218507868357,2.364517156127174e-19,0.01,20.767011130135607,1.512736620819794,0.01,True
2623,59718.257685199846,1414.89044463155,r,r,6260.0,6260.0,2.3967314104288277e-17,-0.711844952668093,2.396731410428828e-19,0.01,20.75231888483875,1.4980443755229373,0.01,True
2624,59718.30038189981,1414.9331413315158,r,r,6260.0,6260.0,3.070875803018888e-17,-0.6042020678346649,3.070875803018888e-19,0.01,20.48321167275518,1.2289371634393653,0.01,True
2625,59718.34686340019,1414.9796228318955,r,r,6260.0,6260.0,2.976139548327687e-17,-0.6178110292390198,2.976139548327687e-19,0.01,20.51723407626607,1.2629595669502578,0.01,True
2626,59718.38640049985,1415.0191599315513,r,r,6260.0,6260.0,2.820143152195823e-17,-0.6411931663087085,2.820143152195823e-19,0.01,20.57568941894029,1.321414909624476,0.01,True
2627,59719.267500000075,1415.900259431779,r,r,5634.714285714286,5634.714285714286,2.2783482475034992e-17,-0.7338442131371163,2.2783482475034994e-19,0.01,20.807317036011312,1.5530425266954992,0.01,True
2628,59719.28061340004,1415.9133728317465,r,r,5634.714285714286,5634.714285714286,2.3981572864442362e-17,-0.7115866567439237,2.3981572864442363e-19,0.01,20.751673145028324,1.4973986357125106,0.01,True
2629,59719.301620400045,1415.9343798317495,r,r,5634.714285714286,5634.714285714286,2.3248212195745405e-17,-0.7250747592900826,2.324821219574541e-19,0.01,20.785393401393726,1.531118892077913,0.01,True
2630,59719.34611110017,1415.9788705318715,r,r,5634.714285714286,5634.714285714286,2.858768954946605e-17,-0.6352852630462866,2.858768954946605e-19,0.01,20.560919660784233,1.3066451514684196,0.01,True
2631,59719.36880790023,1416.0015673319358,r,r,5634.714285714286,5634.714285714286,3.5654539710122965e-17,-0.5393494860389207,3.565453971012297e-19,0.01,20.32108021826582,1.0668057089500067,0.01,True
2632,59719.389328700025,1416.022088131729,r,r,5634.714285714286,5634.714285714286,3.155924301279566e-17,-0.5923377426660554,3.155924301279566e-19,0.01,20.453550859833655,1.1992763505178416,0.01,True
2633,59719.425567099825,1416.058326531529,r,r,5634.714285714286,5634.714285714286,3.645017154566781e-17,-0.5297647436602144,3.645017154566781e-19,0.01,20.297118362319058,1.0428438530032444,0.01,True
2634,59721.341030099895,1417.9737895315993,r,r,5708.887755102041,5708.887755102041,2.1015309239827532e-17,-0.7689285352193043,2.1015309239827533e-19,0.01,20.89502784121678,1.6407533319009673,0.01,True
2635,59721.3697106,1418.002470031708,r,r,5708.887755102041,5708.887755102041,2.0956336156814628e-17,-0.7701489639704615,2.0956336156814627e-19,0.01,20.898078913094675,1.6438044037788622,0.01,True
2636,59721.4047801001,1418.0375395318042,r,r,5708.887755102041,5708.887755102041,2.4343546595032828e-17,-0.7050804696655018,2.4343546595032828e-19,0.01,20.73540767733227,1.4811331680164557,0.01,True
2637,59723.202453699894,1419.8352131315987,r,r,6260.0,6260.0,3.0206371829511287e-17,-0.6113657561419767,3.020637182951129e-19,0.01,20.50112089352346,1.2468463842076467,0.01,True
2638,59723.32171300007,1419.9544724317748,r,r,6260.0,6260.0,2.0936219233698977e-17,-0.7705660628698769,2.0936219233698978e-19,0.01,20.899121660343212,1.644847151027399,0.01,True
2639,59724.308032399975,1420.9407918316792,r,r,6590.280742857143,6590.280742857143,2.389692486604145e-17,-0.7131223021235922,2.389692486604145e-19,0.01,20.755512258477502,1.5012377491616888,0.01,True
2640,59724.41065970017,1421.043419131871,r,r,6590.280742857143,6590.280742857143,2.148878555910384e-17,-0.759252448253557,2.148878555910384e-19,0.01,20.870837623802412,1.616563114486599,0.01,True
2641,59724.43342590006,1421.0661853317652,r,r,6590.280742857143,6590.280742857143,2.287420986176838e-17,-0.7321182189722162,2.2874209861768383e-19,0.01,20.803002050599062,1.5487275412832489,0.01,True
2642,59725.24761570012,1421.8803751318264,r,r,6857.1466693877555,6857.1466693877555,2.1704494200931806e-17,-0.7549146506984723,2.1704494200931806e-19,0.01,20.8599931299147,1.6057186205988856,0.01,True
2643,59725.43248840002,1422.065247831728,r,r,6857.1466693877555,6857.1466693877555,2.1113817981983723e-17,-0.7668975469730146,2.1113817981983723e-19,0.01,20.889950370601053,1.6356758612852396,0.01,True
2644,59726.36145830015,1422.9942177318517,r,r,5931.423375510204,5931.423375510204,1.9528315021761534e-17,-0.8007995479381211,1.9528315021761535e-19,0.01,20.97470537301382,1.720430863698006,0.01,True
2645,59726.36240739981,1422.9951668315116,r,r,5931.423375510204,5931.423375510204,2.1370282636685628e-17,-0.7616540541965566,2.1370282636685629e-19,0.01,20.876841638659908,1.6225671293440946,0.01,True
2646,59726.401481499895,1423.0342409316,r,r,5931.423375510204,5931.423375510204,1.9667188144566202e-17,-0.797722047795359,1.9667188144566203e-19,0.01,20.96701162265692,1.712737113341106,0.01,True
2647,59727.26872690022,1423.9014863319244,r,r,7103.3747102040825,7103.3747102040825,8.29487964808294e-17,-0.17265423109333788,8.29487964808294e-19,0.01,19.404342080901863,0.15006757158604955,0.01,True
2648,59729.44913189998,1426.0818913316834,r,r,6857.1466693877555,6857.1466693877555,2.4870867962431485e-17,-0.6957733783688784,2.4870867962431487e-19,0.01,20.712139949090716,1.4578654397749027,0.01,True
2649,59730.266643499956,1426.89940293166,r,r,7098.518763265306,7098.518763265306,2.351430637892701e-17,-0.720132147716706,2.351430637892701e-19,0.01,20.773036872460285,1.5187623631444715,0.01,True
2650,59730.41432869993,1427.047088131636,r,r,7098.518763265306,7098.518763265306,1.8770825469957968e-17,-0.8179809485706695,1.8770825469957968e-19,0.01,21.01765887459519,1.7633843652793786,0.01,True
2651,59732.295231500175,1428.9279909318793,r,r,6590.280742857143,6590.280742857143,2.059415599883068e-17,-0.7777203220829865,2.0594155998830682e-19,0.01,20.917007308375982,1.6627327990601692,0.01,True
2652,59734.260937499814,1430.8936969315182,r,r,6590.280742857143,6590.280742857143,1.3176390296795567e-16,0.028332130312266557,1.3176390296795567e-18,0.01,18.901876177387855,-0.352398331927958,0.01,True
2653,59736.21663190005,1432.849391331758,r,r,6260.0,6260.0,2.1385360321315904e-17,-0.7613477481722182,2.1385360321315905e-19,0.01,20.876075873599063,1.6218013642832503,0.01,True
2654,59736.218576400075,1432.8513358317796,r,r,6260.0,6260.0,2.239442969419711e-17,-0.7413243132430747,2.239442969419711e-19,0.01,20.82601728627621,1.571742776960395,0.01,True
2655,59736.43165510008,1433.0644145317856,r,r,6260.0,6260.0,2.114469130937655e-17,-0.7662629709628757,2.1144691309376549e-19,0.01,20.88836393057571,1.6340894212598975,0.01,True
2656,59737.2172801001,1433.8500395318042,r,r,6857.1466693877555,6857.1466693877555,2.0505485747479698e-17,-0.7795942586421507,2.05054857474797e-19,0.01,20.921692149773897,1.6674176404580834,0.01,True
2657,59738.261111100204,1434.8938705319088,r,r,6248.218097959184,6248.218097959184,2.822216856784268e-17,-0.6408739387163624,2.822216856784268e-19,0.01,20.574891349959422,1.3206168406436092,0.01,True
2658,59738.281770799775,1434.9145302314791,r,r,6248.218097959184,6248.218097959184,2.4625138330873655e-17,-0.7000856414309009,2.4625138330873655e-19,0.01,20.722920606745774,1.4686460974299607,0.01,True
2659,59738.30319439992,1434.9359538316276,r,r,6248.218097959184,6248.218097959184,2.479621079634041e-17,-0.6970790005434839,2.479621079634041e-19,0.01,20.715404004527226,1.4611294952114129,0.01,True
2660,59739.24781250022,1435.880571931928,r,r,6748.390146938776,6748.390146938776,2.4993008380968093e-17,-0.6936457854191627,2.4993008380968093e-19,0.01,20.70682096671642,1.452546457400608,0.01,True
2661,59739.30723380018,1435.9399932318847,r,r,6748.390146938776,6748.390146938776,2.4922244424457705e-17,-0.6948771692023445,2.4922244424457707e-19,0.01,20.709899426174378,1.4556249168585644,0.01,True
2662,59740.20611110004,1436.8388705317411,r,r,6248.218097959184,6248.218097959184,3.632061511238627e-17,-0.5313111252811868,3.6320615112386267e-19,0.01,20.300984316371483,1.0467098070556702,0.01,True
2663,59740.32476849994,1436.9575279316414,r,r,6248.218097959184,6248.218097959184,2.921994011592306e-17,-0.6257849986966217,2.921994011592306e-19,0.01,20.53716899991007,1.2828944905942556,0.01,True
2664,59741.27057870012,1437.9033381318222,r,r,6751.988151020409,6751.988151020409,3.6815105414243144e-17,-0.5254382718936288,3.6815105414243144e-19,0.01,20.28630218290259,1.032027673586775,0.01,True
2665,59741.37151619978,1438.004275631487,r,r,6751.988151020409,6751.988151020409,3.6818304532250605e-17,-0.5254005346952706,3.6818304532250605e-19,0.01,20.286207839906695,1.0319333305908813,0.01,True
2666,59742.24979169993,1438.8825511316318,r,r,7098.518763265306,7098.518763265306,4.366115863627225e-17,-0.4513690638420673,4.366115863627225e-19,0.01,20.101129162773688,0.8468546534578749,0.01,True
2667,59742.28744209977,1438.9202015314731,r,r,7098.518763265306,7098.518763265306,3.853800846112514e-17,-0.5055750524935281,3.853800846112514e-19,0.01,20.23664413440234,0.9823696250865268,0.01,True
2668,59742.41634259978,1439.0491020314876,r,r,7098.518763265306,7098.518763265306,4.35848546967008e-17,-0.4521287177697726,4.35848546967008e-19,0.01,20.103028297592953,0.8487537882771399,0.01,True
2669,59743.205624999944,1439.8383844316486,r,r,7103.3747102040825,7103.3747102040825,4.0104260302634824e-17,-0.4882738097750927,4.0104260302634826e-19,0.01,20.19339102760625,0.9391165182904366,0.01,True
2670,59743.30741900019,1439.940178431898,r,r,7103.3747102040825,7103.3747102040825,4.124772599066607e-17,-0.47606430958444257,4.124772599066607e-19,0.01,20.162867277129628,0.9085927678138148,0.01,True
2671,59747.22804399999,1443.860803431693,r,r,6981.809224489796,6981.809224489796,1.86344231849616e-17,-0.8211483662142331,1.86344231849616e-19,0.01,21.025577418704103,1.7713029093882895,0.01,True
2672,59747.24136570003,1443.8741251317333,r,r,6981.809224489796,6981.809224489796,2.284735953596281e-17,-0.7326283042483244,2.2847359535962813e-19,0.01,20.80427726378933,1.5500027544735175,0.01,True
2673,59749.34701390006,1445.979773331761,r,r,6590.280742857143,6590.280742857143,3.099207885513387e-17,-0.6002136118620793,3.0992078855133875e-19,0.01,20.47324053282372,1.2189660235079067,0.01,True
2674,59751.28450229997,1447.9172617316726,r,r,6260.0,6260.0,2.278183163337038e-17,-0.7338756823122896,2.278183163337038e-19,0.01,20.807395708949244,1.5531211996334306,0.01,True
2675,59753.34712960012,1449.979889031827,r,r,6857.1466693877555,6857.1466693877555,2.275353440771361e-17,-0.7344154531149147,2.2753534407713613e-19,0.01,20.808745135955803,1.55447062663999,0.01,True
2676,59756.366169000044,1452.998928431749,r,r,7087.163265306122,7087.163265306122,2.56193364429633e-17,-0.6828964431895752,2.56193364429633e-19,0.01,20.67994761114246,1.4256731018266464,0.01,True
2677,59758.30442130007,1454.937180731773,r,r,6260.0,6260.0,2.1497966287119844e-17,-0.7590669427474861,2.1497966287119844e-19,0.01,20.870373860037233,1.61609935072142,0.01,True
2678,59760.26304400014,1456.895803431842,r,r,6260.0,6260.0,2.0255651421687477e-17,-0.7849181055884227,2.0255651421687477e-19,0.01,20.935001767139575,1.6807272578237615,0.01,True
2679,59762.271006899886,1458.9037663315903,r,r,7098.518763265306,7098.518763265306,2.372181688948387e-17,-0.716316371010878,2.372181688948387e-19,0.01,20.763497430695715,1.5092229213799015,0.01,True
2680,59764.26067129988,1460.8934307315867,r,r,7103.3747102040825,7103.3747102040825,2.067957107295192e-17,-0.7759227936817172,2.067957107295192e-19,0.01,20.912513487372813,1.6582389780569997,0.01,True
2681,59766.24322920013,1462.8759886318367,r,r,6590.280742857143,6590.280742857143,2.3016157356871288e-17,-0.7294315021647666,2.301615735687129e-19,0.01,20.796285258580433,1.5420107492646196,0.01,True
2682,59772.26583330007,1468.8985927317772,r,r,6260.0,6260.0,3.172984226747996e-17,-0.5899964070614683,3.172984226747996e-19,0.01,20.44769752082219,1.1934230115063755,0.01,True
2683,59773.228159700055,1469.8609191317591,r,r,5708.887755102041,5708.887755102041,3.681124322014673e-17,-0.5254838351903768,3.681124322014673e-19,0.01,20.286416091144456,1.0321415818286432,0.01,True
2684,59773.28874999983,1469.9215094315368,r,r,5708.887755102041,5708.887755102041,4.5197165641040844e-17,-0.4363531196130044,4.519716564104085e-19,0.01,20.06358930220103,0.8093147928852176,0.01,True
2685,59773.32085649995,1469.9536159316558,r,r,5708.887755102041,5708.887755102041,4.163591424218854e-17,-0.47199621489640187,4.163591424218854e-19,0.01,20.15269704040952,0.8984225310937077,0.01,True
2686,59774.34274310013,1470.9755025318373,r,r,6260.0,6260.0,4.924944285498088e-17,-0.39906299843105764,4.924944285498088e-19,0.01,19.970363999246164,0.7160894899303507,0.01,True
2687,59775.24372689985,1471.8764863315519,r,r,6260.0,6260.0,3.3221797252372646e-17,-0.5700411967720047,3.3221797252372644e-19,0.01,20.397809495098528,1.1435349857827148,0.01,True
2688,59775.32923609996,1471.9619955316666,r,r,6260.0,6260.0,3.6955499793676355e-17,-0.5237852401008727,3.6955499793676353e-19,0.01,20.2821696034207,1.0278950941048883,0.01,True
2689,59776.28167819977,1472.9144376314725,r,r,6260.0,6260.0,3.090689716516142e-17,-0.6014089130979112,3.0906897165161423e-19,0.01,20.476228785913293,1.2219542765974793,0.01,True
2690,59777.22357639996,1473.8563358316678,r,r,5634.714285714286,5634.714285714286,2.0510500216569172e-17,-0.7794880680330554,2.0510500216569172e-19,0.01,20.92142667325116,1.667152163935345,0.01,True
2691,59778.219432900194,1474.8521923318986,r,r,6260.0,6260.0,2.1108649348094548e-17,-0.7670038746857326,2.1108649348094549e-19,0.01,20.89021618988285,1.6359416805670364,0.01,True
2692,59778.266655100044,1474.8994145317483,r,r,6260.0,6260.0,6.980764628410194e-16,0.7524386748329075,6.980764628410194e-18,0.01,17.09160981608625,-2.162664693229562,0.01,True
2693,59782.26045140019,1478.8932108318913,r,r,5814.713836734694,5814.713836734694,2.4321496305839284e-17,-0.7054740301765232,2.4321496305839283e-19,0.01,20.736391578609826,1.4821170692940129,0.01,True
2694,59784.25949069997,1480.8922501316774,r,r,6590.280742857143,6590.280742857143,2.245803816162642e-17,-0.7400925047720026,2.2458038161626423e-19,0.01,20.822937765098526,1.5686632557827132,0.01,True
2695,59786.25747689977,1482.8902363314774,r,r,5735.124130612246,5735.124130612246,2.1367940675923976e-17,-0.7617016509639374,2.1367940675923977e-19,0.01,20.87696063057836,1.6226861212625465,0.01,True
2696,59788.27983799996,1484.912597431663,r,r,6260.0,6260.0,2.4211837835629613e-17,-0.7074365637790674,2.4211837835629614e-19,0.01,20.74129791261619,1.4870234033003769,0.01,True
2697,59790.24519680021,1486.8779562319178,r,r,7103.3747102040825,7103.3747102040825,3.847985746001395e-17,-0.5062308656193988,3.8479857460013953e-19,0.01,20.23828366721701,0.9840091579011983,0.01,True
2698,59794.24280089978,1490.8755603314858,r,r,7103.3747102040825,7103.3747102040825,2.685147221286941e-17,-0.6624962180499292,2.685147221286941e-19,0.01,20.628947048293337,1.3746725389775243,0.01,True
2699,59797.228981500026,1493.8617409317303,r,r,7103.3747102040825,7103.3747102040825,2.6578723305304693e-17,-0.6669302042362286,2.6578723305304694e-19,0.01,20.64003201375909,1.3857575044432764,0.01,True
2700,59799.199213000014,1495.831972431719,r,r,5708.887755102041,5708.887755102041,3.419134815136334e-17,-0.5575480950476059,3.4191348151363344e-19,0.01,20.36657674078753,1.1123022314717161,0.01,True
2701,59802.242662000004,1498.8754214317087,r,r,7103.3747102040825,7103.3747102040825,1.0414557597419438e-16,-0.07382349406946531,1.0414557597419438e-18,0.01,19.157265238342184,-0.09700927097362921,0.01,True
2702,59805.20572920004,1501.8384886317435,r,r,5700.402967346939,5700.402967346939,3.454473417419469e-17,-0.5530824651563346,3.4544734174194687e-19,0.01,20.35541266605935,1.1011381567435379,0.01,True
2703,59807.30547450017,1503.9382339318763,r,r,7067.463706122449,7067.463706122449,3.6898448833585595e-17,-0.5244562109167514,3.68984488335856e-19,0.01,20.283847030460397,1.0295725211445834,0.01,True
2704,59812.18228009995,1508.8150395316552,r,r,6590.280742857143,6590.280742857143,8.950577026190388e-17,-0.13961328590776567,8.950577026190388e-19,0.01,19.321739717937938,0.06746520862212435,0.01,True
2705,59814.23831020016,1510.8710696318667,r,r,6260.0,6260.0,3.308440592824702e-17,-0.5718409794910304,3.308440592824702e-19,0.01,20.402308951896096,1.1480344425802826,0.01,True
2706,59816.16390050016,1512.796659931868,r,r,7103.3747102040825,7103.3747102040825,2.363328642057725e-17,-0.7179402018646552,2.363328642057725e-19,0.01,20.767557007830153,1.5132824985143394,0.01,True
2707,59825.17878470011,1521.811544131815,r,r,6857.1466693877555,6857.1466693877555,3.1251592005908243e-17,-0.5965921743450817,3.1251592005908243e-19,0.01,20.46418693903122,1.2099124297154056,0.01,True
2708,59828.1551967999,1524.7879562316011,r,r,7103.3747102040825,7103.3747102040825,3.517176145823335e-17,-0.5452702012159119,3.517176145823335e-19,0.01,20.335882006208294,1.081607496892481,0.01,True
2709,59853.1817361,1549.8144955317039,r,r,6590.280742857143,6590.280742857143,2.9373239294977327e-17,-0.6235124768732856,2.9373239294977326e-19,0.01,20.531487695351736,1.2772131860359224,0.01,True
2710,59857.17560190009,1553.808361331794,r,r,7103.3747102040825,7103.3747102040825,5.376077810798176e-17,-0.36099877437839645,5.376077810798176e-19,0.01,19.875203439114514,0.6209289297987013,0.01,True
2711,59859.128275500145,1555.7610349318493,r,r,6260.0,6260.0,5.366076778251802e-17,-0.3618074379415841,5.366076778251802e-19,0.01,19.877225098022482,0.6229505887066686,0.01,True
2712,59928.50680560013,1625.1395650318373,r,r,6590.280742857143,6590.280742857143,4.5061782871818296e-17,-0.43765594962997945,4.50617828718183e-19,0.01,20.066846377243465,0.8125718679276517,0.01,True
2713,59931.54753470002,1628.180294131722,r,r,7103.3747102040825,7103.3747102040825,3.7733317007232057e-17,-0.5147393360156993,3.773331700723206e-19,0.01,20.259554843207766,1.0052803338919531,0.01,True
2714,59933.53331020009,1630.1660696317922,r,r,6260.0,6260.0,7.975465694222897e-16,0.8102917310518354,7.975465694222898e-18,0.01,16.946977175538933,-2.30729733377688,0.01,True
2715,59937.517419000156,1634.1501784318607,r,r,7103.3747102040825,7103.3747102040825,2.923053849541005e-17,-0.6256275040827841,2.923053849541005e-19,0.01,20.536775263375475,1.2825007540596616,0.01,True
2716,59957.54484950006,1654.1776089317646,r,r,7103.3747102040825,7103.3747102040825,5.732863519852284e-17,-0.33309271743114444,5.732863519852283e-19,0.01,19.805438296746377,0.5511637874305642,0.01,True
2717,59967.39920140011,1664.0319608318168,r,r,7103.3747102040825,7103.3747102040825,5.987547137220364e-17,-0.3142153748039025,5.987547137220364e-19,0.01,19.75824494017828,0.5039704308624664,0.01,True
2718,59969.4793866002,1666.1121460319046,r,r,6590.280742857143,6590.280742857143,2.39543370846774e-17,-0.7120801636012093,2.39543370846774e-19,0.01,20.75290691217154,1.4986324028557263,0.01,True
2719,59971.42984949984,1668.062608931541,r,r,6590.280742857143,6590.280742857143,3.6334785693727015e-17,-0.5311417172181532,3.6334785693727015e-19,0.01,20.300560796213905,1.0462862868980913,0.01,True
2720,59977.412199100014,1674.0449585317183,r,r,7103.3747102040825,7103.3747102040825,7.567835582965143e-17,-0.21249263212644998,7.567835582965143e-19,0.01,19.50393808348464,0.249663574168828,0.01,True
2721,59993.45798610011,1690.0907455318156,r,r,7103.3747102040825,7103.3747102040825,3.194425656837344e-17,-0.5870715348955979,3.194425656837344e-19,0.01,20.44038534040751,1.1861108310916961,0.01,True
2722,59996.51668980019,1693.1494492318961,r,r,7103.3747102040825,7103.3747102040825,2.5697956492345563e-17,-0.6815657307386846,2.5697956492345564e-19,0.01,20.67662083001523,1.4223463206994182,0.01,True
2723,60020.36829859996,1717.0010580316666,r,r,6260.0,6260.0,2.106078651307023e-17,-0.7679897344033666,2.1060786513070228e-19,0.01,20.892680839176933,1.6384063298611196,0.01,True
2724,60029.45718749985,1726.0899469315555,r,r,6590.280742857143,6590.280742857143,3.346074837302858e-17,-0.5669286702071386,3.346074837302858e-19,0.01,20.390028178686364,1.1357536693705512,0.01,True
2725,60032.41252310015,1729.045282531857,r,r,7103.3747102040825,7103.3747102040825,2.5196530144994345e-17,-0.6901235827395933,2.5196530144994345e-19,0.01,20.698015460017505,1.4437409507016916,0.01,True
2726,60042.42773150001,1739.0604909317117,r,r,6857.1466693877555,6857.1466693877555,4.533667888176259e-17,-0.43501461733514013,4.533667888176259e-19,0.01,20.06024304650637,0.8059685371905552,0.01,True
2727,60046.36714120023,1742.999900631934,r,r,7103.3747102040825,7103.3747102040825,3.255644002067301e-17,-0.5788274106310691,3.2556440020673013e-19,0.01,20.41977502974619,1.1655005204303777,0.01,True
2728,60050.44568290003,1747.078442331731,r,r,5735.124130612246,5735.124130612246,2.4723931778501273e-17,-0.6983467836823873,2.472393177850127e-19,0.01,20.71857346237449,1.4642989530586767,0.01,True
2729,60053.42898150021,1750.0617409319166,r,r,7103.3747102040825,7103.3747102040825,2.5841126397493667e-17,-0.6791528798988846,2.5841126397493667e-19,0.01,20.670588702915726,1.4163141935999128,0.01,True
2730,60055.3815394002,1752.0142988319058,r,r,6590.280742857143,6590.280742857143,2.3053709322284207e-17,-0.7287235072800033,2.3053709322284205e-19,0.01,20.794515271368525,1.5402407620527114,0.01,True
2731,60057.385023099836,1754.0177825315404,r,r,7103.3747102040825,7103.3747102040825,3.1676274241340015e-17,-0.5907302259727967,3.1676274241340017e-19,0.01,20.449532068100506,1.195257558784693,0.01,True
2732,60059.44568290003,1756.078442331731,r,r,6590.280742857143,6590.280742857143,2.31822459568549e-17,-0.7263088109862412,2.31822459568549e-19,0.01,20.788478530634123,1.5342040213183097,0.01,True
2733,60061.44722220022,1758.0799816319268,r,r,7103.3747102040825,7103.3747102040825,2.6540794045262065e-17,-0.6675504083329624,2.6540794045262064e-19,0.01,20.641582524000924,1.387308014685111,0.01,True
2734,60063.40618060017,1760.0389400318745,r,r,7103.3747102040825,7103.3747102040825,2.0880424013168143e-17,-0.7717250067205352,2.0880424013168143e-19,0.01,20.902019019969856,1.647744510654043,0.01,True
2735,60065.402048599906,1762.0348080316107,r,r,7103.3747102040825,7103.3747102040825,3.098690441747316e-17,-0.6002861277250258,3.0986904417473163e-19,0.01,20.47342182248108,1.2191473131652657,0.01,True
2736,60077.32214119984,1773.9549006315428,r,r,6590.280742857143,6590.280742857143,2.7677101892630063e-17,-0.6493437076483257,2.767710189263006e-19,0.01,20.59606577228933,1.3417912629735156,0.01,True
2737,60079.41155089997,1776.044310331672,r,r,6590.280742857143,6590.280742857143,2.5278883288095777e-17,-0.6887064354625654,2.5278883288095776e-19,0.01,20.694472591824933,1.44019808250912,0.01,True
2738,60082.346180600114,1778.9789400318186,r,r,6751.988151020409,6751.988151020409,2.203494053354066e-17,-0.7483524374399071,2.2034940533540663e-19,0.01,20.843587596768288,1.5893130874524743,0.01,True
2739,60084.38873839984,1781.0214978315416,r,r,6590.280742857143,6590.280742857143,2.7077128504723204e-17,-0.6588617141680277,2.7077128504723204e-19,0.01,20.61986078858859,1.365586279272776,0.01,True
2740,60086.36196759995,1782.9947270316552,r,r,6857.1466693877555,6857.1466693877555,2.0445600971448717e-17,-0.7808644396509035,2.0445600971448718e-19,0.01,20.92486760229578,1.670593092979967,0.01,True
2741,60090.35039350018,1786.9831529318835,r,r,5931.408163265307,5931.408163265307,3.825960630192974e-17,-0.508723823494071,3.8259606301929743e-19,0.01,20.244516061903692,0.9902415525878787,0.01,True
2742,60093.38402780006,1790.0167872317616,r,r,6590.280742857143,6590.280742857143,2.0908582310056355e-17,-0.771139733420922,2.0908582310056356e-19,0.01,20.900555836720827,1.6462813274050134,0.01,True
2743,60098.31902780011,1794.9517872318174,r,r,5634.714285714286,5634.714285714286,4.3774929250426396e-17,-0.45023886739780217,4.377492925042639e-19,0.01,20.098303671663025,0.844029162347212,0.01,True
2744,60100.257361100055,1796.8901205317597,r,r,6751.988151020409,6751.988151020409,4.1179274635285653e-17,-0.47678562790316725,4.117927463528565e-19,0.01,20.164670572926433,0.9103960636106194,0.01,True
2745,60102.228379600216,1798.8611390319202,r,r,5805.5614857142855,5805.5614857142855,4.021013662068215e-17,-0.4871287715480772,4.0210136620682153e-19,0.01,20.19052843203871,0.9362539227228979,0.01,True
2746,60109.32459490001,1805.9573543317165,r,r,6590.280742857143,6590.280742857143,2.164357042969421e-17,-0.7561354145462769,2.1643570429694208e-19,0.01,20.863045039534207,1.6087705302183934,0.01,True
2747,60111.30804400006,1807.9408034317676,r,r,6590.280742857143,6590.280742857143,3.263652706001522e-17,-0.5777603821366721,3.2636527060015226e-19,0.01,20.417107458510195,1.1628329491943816,0.01,True
2748,60114.34342590021,1810.9761853319142,r,r,5735.124130612246,5735.124130612246,1.9825810074292953e-17,-0.7942333787990759,1.9825810074292953e-19,0.01,20.95828995016621,1.704015440850398,0.01,True
2749,60116.28348380001,1812.916243231717,r,r,7103.3747102040825,7103.3747102040825,2.637465139105598e-17,-0.6702775922182109,2.637465139105598e-19,0.01,20.648400483714042,1.3941259743982286,0.01,True
2750,60118.30790509982,1814.9406645315248,r,r,7103.3747102040825,7103.3747102040825,2.457119056568921e-17,-0.7010381200668991,2.457119056568921e-19,0.01,20.725301803335768,1.4710272940199545,0.01,True
2751,60120.24384259991,1816.876602031618,r,r,6590.280742857143,6590.280742857143,2.7498155501155518e-17,-0.6521607566855874,2.7498155501155516e-19,0.01,20.60310839488249,1.3488338855666768,0.01,True
2752,60124.23825229984,1820.8710117315422,r,r,6751.988151020409,6751.988151020409,2.625432020451478e-17,-0.6722635425340098,2.625432020451478e-19,0.01,20.653365359503546,1.3990908501877328,0.01,True
2753,60126.352280099876,1822.9850395315807,r,r,6857.1466693877555,6857.1466693877555,4.258335721270202e-17,-0.4622244226163783,4.258335721270202e-19,0.01,20.128267559709464,0.8739930503936506,0.01,True
2754,60128.32459490001,1824.9573543317165,r,r,7103.3747102040825,7103.3747102040825,5.0043344541782135e-17,-0.39211799309131656,5.004334454178214e-19,0.01,19.95300148589681,0.6987269765809963,0.01,True
2755,60134.20405089995,1830.8368103316534,r,r,5686.734693877551,5686.734693877551,2.225400123197693e-17,-0.7440562124871182,2.225400123197693e-19,0.01,20.83284703438631,1.5785725250704985,0.01,True
2756,60136.298738399986,1832.9314978316906,r,r,6260.0,6260.0,2.1816824993513675e-17,-0.7526727723454609,2.1816824993513677e-19,0.01,20.854388434032174,1.6001139247163607,0.01,True
2757,60138.20583330002,1834.8385927317213,r,r,5735.124130612246,5735.124130612246,2.546783100827283e-17,-0.685472360800377,2.546783100827283e-19,0.01,20.686387405169462,1.432112895853649,0.01,True
2758,60140.24170139991,1836.874460831612,r,r,6260.0,6260.0,2.296840716675081e-17,-0.730333441837244,2.296840716675081e-19,0.01,20.798540107761625,1.5442655984458113,0.01,True
2759,60143.39243059978,1840.0251900314834,r,r,7103.3747102040825,7103.3747102040825,3.5321001392669474e-17,-0.543431312393329,3.5321001392669478e-19,0.01,20.33128478415184,1.0770102748360273,0.01,True
2760,60145.26052080002,1841.8932802317213,r,r,6590.280742857143,6590.280742857143,2.3977901664601958e-17,-0.7116531454555446,2.397790166460196e-19,0.01,20.75183936680738,1.497564857491568,0.01,True
2761,60147.26503469981,1843.897794131517,r,r,7103.3747102040825,7103.3747102040825,2.422564545527871e-17,-0.7071889632525004,2.422564545527871e-19,0.01,20.740678911299767,1.486404401983954,0.01,True
2762,60149.26668980019,1845.8994492318961,r,r,6590.280742857143,6590.280742857143,2.6350078234769182e-17,-0.6706824112481709,2.6350078234769185e-19,0.01,20.649412531288945,1.395138021973132,0.01,True
2763,60151.2068403,1847.8395997317057,r,r,7103.3747102040825,7103.3747102040825,2.2279263217984627e-17,-0.7435634957533512,2.227926321798463e-19,0.01,20.831615242551898,1.5773407332360847,0.01,True
2764,60153.234768500086,1849.8675279317904,r,r,7103.3747102040825,7103.3747102040825,2.6352119448798794e-17,-0.6706487698431101,2.6352119448798797e-19,0.01,20.649328427776297,1.3950539184604835,0.01,True
2765,60155.280856499914,1851.9136159316186,r,r,6260.0,6260.0,3.742258563933332e-17,-0.5183305293252811,3.7422585639333325e-19,0.01,20.268532826481724,1.0142583171659112,0.01,True
2766,58214.395717599895,-88.97152296840068,i,i,7687.234693877551,7687.234693877551,8.016250214255389e-16,0.812506944291135,1.3220871730642844e-16,0.1649258865090316,16.720886565594306,-2.5333879437215074,0.1649258865090316,False
2767,58244.38798609981,-58.979254468482395,i,i,7682.066457142858,7682.066457142858,8.806025893704275e-17,-0.14668436209397662,1.8899232783224172e-17,0.21461704759164824,19.118864831557083,-0.13540967775873014,0.21461704759164824,False
2768,58299.3024420999,-4.064798468396475,i,i,7682.066457142858,7682.066457142858,2.1038108694364996e-16,0.2315423743406111,1.1701962352836982e-17,0.05562269176777912,18.173297990470616,-1.0809765188451976,0.05562269176777912,False
2769,58303.38950229995,0.02226173165399814,i,i,8630.204081632653,8630.204081632653,2.5718368474277967e-16,0.3187790940456381,1.1144803042202397e-17,0.04333402040393343,17.955206191208045,-1.2990683181077678,0.04333402040393343,False
2770,58320.22134259995,16.854102031655202,i,i,8615.74276734694,8615.74276734694,2.734823853379592e-16,0.34546503895822234,7.665231762492598e-18,0.02802824669318353,17.888491328926584,-1.3657831803892293,0.02802824669318353,False
2771,58325.30170139996,21.93446083166782,i,i,7682.066457142858,7682.066457142858,2.534156762512806e-16,0.31236915652047337,1.1837752043787485e-17,0.04671278517138564,17.971231035020956,-1.2830434742948569,0.04671278517138564,False
2772,58331.320717600174,27.95347703187872,i,i,7682.066457142858,7682.066457142858,2.5056324368652897e-16,0.30745304236639726,9.650163165317824e-18,0.03851388185807018,17.983521320406147,-1.2707531889096657,0.03851388185807018,False
2773,58336.16583329998,32.79859273168404,i,i,7670.0,7670.0,2.1645981144438744e-16,0.24391295556032055,6.693531753303961e-18,0.030922745929785004,18.14237153742134,-1.111902971894473,0.030922745929785004,False
2774,58340.1608564998,36.79361593150679,i,i,8630.204081632653,8630.204081632653,2.285410835380037e-16,0.26749996184477354,8.680641615849031e-18,0.03798284965427471,18.08340402171021,-1.1708704876056046,0.03798284965427471,False
2775,58345.15245370008,41.785213131784985,i,i,7670.0,7670.0,2.0017425900451054e-16,0.20994390928983542,8.852406958756534e-18,0.04422350307567299,18.227294153097553,-1.0269803562182602,0.04422350307567299,False
2776,58350.21684029978,46.84959973148216,i,i,7682.066457142858,7682.066457142858,1.8856600637173847e-16,0.18399908302792767,1.0024230885698657e-17,0.053160328728269916,18.29215621875232,-0.9621182905634917,0.053160328728269916,False
2777,58363.14203700004,59.774796431745926,i,i,7670.0,7670.0,1.7490823102296437e-16,0.15134592722279727,7.102465468334152e-18,0.040606810936196835,18.37378910826515,-0.8804854010506631,0.040606810936196835,False
2778,58367.1302894,63.76304883170087,i,i,7682.066457142858,7682.066457142858,1.6354948239815185e-16,0.12218485376499011,9.020038309067741e-18,0.05515173864695563,18.446691791909668,-0.8075827174061452,0.05515173864695563,False
2779,58379.1381019,75.77086133170087,i,i,7670.0,7670.0,1.571980345880078e-16,0.10498279160839097,6.83265543859686e-18,0.04346527268298368,18.489696947301162,-0.7645775620146509,0.04346527268298368,False
2780,58538.55334489979,235.18610433149297,i,i,8615.74276734694,8615.74276734694,5.1198128554391914e-17,-0.3822102337455835,1.2906410753628658e-17,0.2520875492532336,19.7076795106861,0.4534050013702853,0.2520875492532336,False
2781,58561.47077549994,258.1035349316444,i,i,7682.066457142858,7682.066457142858,1.2106547075337662e-15,0.9915559748453688,3.982453164504275e-16,0.3289503720360498,16.27326398920872,-2.9810105201070947,0.3289503720360498,False
2782,58568.36542819999,264.99818763169606,i,i,7670.0,7670.0,2.225638179070838e-16,0.2559902424499878,3.34868716237244e-17,0.1504596386718372,18.112178320197174,-1.1420961891186394,0.1504596386718372,False
2783,58641.261435199995,337.89419463169907,i,i,7682.066457142858,7682.066457142858,2.3794389045379126e-17,-0.7149897620894787,6.1194689045087805e-18,0.2571811737985003,20.53962833154584,1.2853538222300251,0.2571811737985003,False
2784,58966.32187499991,662.9546344316113,i,i,7670.0,7670.0,4.012772440890799e-16,0.5119802119147465,3.800208791330091e-17,0.09470282323027715,17.472203396535274,-1.7820711127805389,0.09470282323027715,False
2785,59075.156400499865,771.7891599315699,i,i,7682.066457142858,7682.066457142858,6.333806135747536e-17,-0.28979955382727063,1.2634044996658028e-17,0.19947002996116991,19.47665281089032,0.22237830157450844,0.19947002996116991,False
2786,59107.22217589989,803.8549353315975,i,i,7670.0,7670.0,9.436097079557333e-17,-0.11667191993806192,1.2925422221129148e-17,0.1369784786247187,19.043833726167296,-0.21044078314851689,0.1369784786247187,False
2787,59129.141319400165,825.7740788318697,i,i,7670.0,7670.0,4.860590288697333e-16,0.5952246946082749,8.892892411623052e-17,0.1829591033891976,17.264092189801456,-1.990182319514357,0.1829591033891976,False
2788,59315.49185189977,1012.1246113314774,i,i,7682.066457142858,7682.066457142858,2.4363015958668934e-16,0.29526672944691335,2.3294757708862923e-17,0.09561524627485252,18.01398710270486,-1.2402874066109533,0.09561524627485252,False
2789,59425.281018500216,1121.9137779319208,i,i,7682.066457142858,7682.066457142858,1.0630506439143853e-15,0.9350896346376754,1.3632818823855852e-16,0.12824242101633868,16.414429839727955,-2.8398446695878583,0.12824242101633868,False
2790,59792.24652779987,1488.8792872315753,i,i,8615.74276734694,8615.74276734694,5.660959376097716e-17,-0.33857428190905914,9.954279695516263e-18,0.1758408607831783,19.59858963109479,0.34431512177897616,0.1758408607831783,False
2791,58227.38771989988,-75.9795206684139,i,i,7682.066457142858,7682.066457142858,3.386543021196599e-17,-0.5617077231727325,3.386543021196599e-19,0.01,20.15642323425397,0.9021487249381579,0.01,True
2792,58232.3431712999,-71.02406926839467,i,i,7331.937840816327,7331.937840816327,2.866518708839868e-17,-0.6341095396223562,2.866518708839868e-19,0.01,20.337427775378032,1.0831532660622187,0.01,True
2793,58249.32469910011,-54.042541468188574,i,i,8615.74276734694,8615.74276734694,5.0984787273287594e-17,-0.38402370863074076,5.09847872732876e-19,0.01,19.712213197898993,0.4579386885831802,0.01,True
2794,58254.39027780015,-48.97696276814531,i,i,8615.74276734694,8615.74276734694,2.662440011080436e-17,-0.6661844890157784,2.662440011080436e-19,0.01,20.41761514886159,1.1633406395457762,0.01,True
2795,58261.2045948999,-42.16264566839527,i,i,7565.356918367348,7565.356918367348,4.118771271567358e-17,-0.47669664536583944,4.1187712715673584e-19,0.01,19.943895539736744,0.6896210304209305,0.01,True
2796,58261.22358800005,-42.14365256824385,i,i,7565.356918367348,7565.356918367348,4.54439580091957e-17,-0.4339881703669004,4.54439580091957e-19,0.01,19.837124352239393,0.5828498429235793,0.01,True
2797,58261.28913189983,-42.078108668465575,i,i,7565.356918367348,7565.356918367348,3.623744434773871e-17,-0.5323067588532719,3.623744434773871e-19,0.01,20.082920823455325,0.8286463141395117,0.01,True
2798,58266.227789400145,-37.13945116815012,i,i,8615.74276734694,8615.74276734694,4.001604251682093e-17,-0.48923018441969823,4.001604251682093e-19,0.01,19.97522938737139,0.7209548780555757,0.01,True
2799,58272.34758100007,-31.019659568228235,i,i,7682.066457142858,7682.066457142858,4.003565766363158e-17,-0.489017353207549,4.003565766363158e-19,0.01,19.97469730934101,0.7204228000251973,0.01,True
2800,58277.29828700004,-26.068953568254074,i,i,7682.066457142858,7682.066457142858,2.686102914747002e-17,-0.6623416721285995,2.686102914747002e-19,0.01,20.408008106643646,1.1537335973278324,0.01,True
2801,58281.29988430021,-22.06735626808222,i,i,7670.0,7670.0,2.4902193900432978e-17,-0.6952267098175913,2.490219390043298e-19,0.01,20.490220700866125,1.2359461915503118,0.01,True
2802,58289.35151620023,-14.015724368066003,i,i,7682.066457142858,7682.066457142858,3.040305971294955e-17,-0.6085470277652067,3.040305971294955e-19,0.01,20.27352149573516,1.019246986419347,0.01,True
2803,58294.35045140004,-9.016789168257674,i,i,8615.74276734694,8615.74276734694,3.606858937807865e-17,-0.5343351626003692,3.606858937807865e-19,0.01,20.087991832823064,0.8337173235072513,0.01,True
2804,58547.4523494998,244.08510893150378,i,i,7682.066457142858,7682.066457142858,2.8113236889866545e-17,-0.6425534681428733,2.8113236889866547e-19,0.01,20.358537596679323,1.1042630873635098,0.01,True
2805,58556.52913190005,253.16189133175794,i,i,7682.066457142858,7682.066457142858,3.7060913737608505e-17,-0.5225481975873496,3.7060913737608505e-19,0.01,20.058524420290517,0.8042499109747041,0.01,True
2806,58581.3880671002,278.02082653190155,i,i,7682.066457142858,7682.066457142858,3.2482570952356845e-17,-0.5798139244807547,3.2482570952356847e-19,0.01,20.20168873752403,0.947414228208217,0.01,True
2807,58586.310023100115,282.94278253181983,i,i,7682.066457142858,7682.066457142858,3.7400063397868536e-17,-0.5185919818562876,3.740006339786854e-19,0.01,20.04863388096286,0.7943593716470474,0.01,True
2808,58591.30243059993,287.9351900316324,i,i,7682.066457142858,7682.066457142858,1.3872048062795904e-16,0.050676264602744325,1.3872048062795905e-18,0.01,18.62546326481528,-0.6288112445005325,0.01,True
2809,58596.384108799975,293.01686823167984,i,i,8615.74276734694,8615.74276734694,3.527595737780229e-17,-0.5439855110470635,3.527595737780229e-19,0.01,20.1121177039398,0.8578431946239853,0.01,True
2810,58605.47026620014,302.10302563184086,i,i,8630.204081632653,8630.204081632653,3.121598279825425e-17,-0.5970873075117726,3.1215982798254253e-19,0.01,20.24487219510157,0.9905976857857581,0.01,True
2811,58612.493263899814,309.1260233315188,i,i,8615.74276734694,8615.74276734694,3.7243056511385376e-17,-0.5204190042279908,3.7243056511385377e-19,0.01,20.05320143689212,0.7989269275763071,0.01,True
2812,58616.35200229986,312.98476173156087,i,i,8615.74276734694,8615.74276734694,2.9912899313892773e-17,-0.6156058110887752,2.9912899313892774e-19,0.01,20.29116845404408,1.0368939447282663,0.01,True
2813,58627.43271989981,324.0654793315116,i,i,8630.204081632653,8630.204081632653,2.836521761019442e-17,-0.6386782005397951,2.836521761019442e-19,0.01,20.348849427671627,1.0945749183558142,0.01,True
2814,58633.27752309991,329.91028253161494,i,i,7670.0,7670.0,3.0758047953573345e-17,-0.6035055505523648,3.0758047953573347e-19,0.01,20.260917802703055,1.006643293387242,0.01,True
2815,58637.27976850001,333.9125279317159,i,i,7670.0,7670.0,2.719774209733384e-17,-0.6569314689786179,2.719774209733384e-19,0.01,20.394482598768686,1.140208089452873,0.01,True
2816,58645.26096059987,341.8937200315777,i,i,8615.74276734694,8615.74276734694,2.9528999418285406e-17,-0.6212155889719551,2.952899941828541e-19,0.01,20.30519289875203,1.050918389436216,0.01,True
2817,58649.319583300035,345.9523427317399,i,i,8615.74276734694,8615.74276734694,3.8809990330960927e-17,-0.502520785701007,3.8809990330960926e-19,0.01,20.00845589057466,0.7541813812588458,0.01,True
2818,58653.24887729995,349.881636731654,i,i,8615.74276734694,8615.74276734694,3.8103312180778536e-17,-0.5105015913033899,3.8103312180778536e-19,0.01,20.028407904580614,0.7741333952648013,0.01,True
2819,58661.17912039999,357.81187983169366,i,i,7670.0,7670.0,3.6049022111705165e-17,-0.534570831970024,3.6049022111705167e-19,0.01,20.088581006247207,0.8343064969313936,0.01,True
2820,58669.303368099965,365.9361275316696,i,i,7682.066457142858,7682.066457142858,2.879449471717208e-17,-0.6321548582638759,2.879449471717208e-19,0.01,20.332541071981836,1.0782665626660233,0.01,True
2821,58685.30158559978,381.93434503148455,i,i,7670.0,7670.0,3.23799369897159e-17,-0.5811883209463122,3.2379936989715904e-19,0.01,20.205124728687927,0.9508502193721142,0.01,True
2822,58691.34776620008,387.980525631785,i,i,7682.066457142858,7682.066457142858,2.68126207591918e-17,-0.6631250547248637,2.68126207591918e-19,0.01,20.409966563134304,1.1556920538184912,0.01,True
2823,58710.23865740001,406.8714168317165,i,i,7331.937840816327,7331.937840816327,3.833153856821701e-17,-0.5079080687339772,3.833153856821701e-19,0.01,20.021924098157086,0.7676495888412731,0.01,True
2824,58719.158067100216,415.7908265319202,i,i,8615.74276734694,8615.74276734694,3.303143722924663e-17,-0.5725368495733729,3.303143722924663e-19,0.01,20.183496050255577,0.9292215409397642,0.01,True
2825,58725.2191666998,421.8519261315014,i,i,7682.066457142858,7682.066457142858,3.814603725222764e-17,-0.510014891683019,3.814603725222764e-19,0.01,20.027191155529692,0.7729166462138792,0.01,True
2826,58733.13499999978,429.76775943148095,i,i,8615.74276734694,8615.74276734694,3.801376936044826e-17,-0.5115233848329037,3.801376936044826e-19,0.01,20.030962388404404,0.7766878790885912,0.01,True
2827,58953.47042819997,650.1031876316774,i,i,8630.204081632653,8630.204081632653,3.556155852199809e-17,-0.5404835341227407,3.5561558521998093e-19,0.01,20.103362761628993,0.8490882523131802,0.01,True
2828,58962.382291700225,659.0150511319298,i,i,8615.74276734694,8615.74276734694,3.4482206690478654e-17,-0.553869269503517,3.4482206690478653e-19,0.01,20.136827100080936,0.8825525907651226,0.01,True
2829,58970.339583300054,666.9723427317585,i,i,8615.74276734694,8615.74276734694,2.815205126102998e-17,-0.6419542756231937,2.815205126102998e-19,0.01,20.357039615380124,1.1027651060643109,0.01,True
2830,58974.382291700225,671.0150511319298,i,i,8615.74276734694,8615.74276734694,3.437537362933201e-17,-0.5552168929882217,3.437537362933201e-19,0.01,20.140196158792698,0.8859216494768845,0.01,True
2831,58978.36303240014,674.9957918318469,i,i,8615.74276734694,8615.74276734694,4.174312897681103e-17,-0.47087932049485737,4.174312897681103e-19,0.01,19.92935222755929,0.6750777182434753,0.01,True
2832,58985.3276157002,681.960375131901,i,i,7682.066457142858,7682.066457142858,2.9136835410365973e-17,-0.627021939535668,2.9136835410365975e-19,0.01,20.319708775161313,1.0654342658455,0.01,True
2833,58992.358356500044,688.9911159317489,i,i,3670.0,3670.0,3.454019338139091e-17,-0.5531395555038454,3.454019338139091e-19,0.01,20.135002815081755,0.8807283057659419,0.01,True
2834,58996.34410879994,692.9768682316426,i,i,7670.0,7670.0,2.5584030342596716e-17,-0.6834953587671766,2.558403034259672e-19,0.01,20.460892323240085,1.2066178139242716,0.01,True
2835,59001.303333300166,697.9360927318703,i,i,8615.74276734694,8615.74276734694,3.1733940216844895e-17,-0.5899403210001228,3.1733940216844895e-19,0.01,20.227004728822447,0.9727302195066336,0.01,True
2836,59005.31912040012,701.951879831824,i,i,7670.0,7670.0,1.7143254650813914e-16,0.14262895607966364,1.7143254650813914e-18,0.01,18.395581536122982,-0.8586929731928308,0.01,True
2837,59009.33104170021,705.9638011319112,i,i,8630.204081632653,8630.204081632653,3.6551565032492835e-17,-0.5285583433138985,3.6551565032492835e-19,0.01,20.07354978460689,0.8192752752910764,0.01,True
2838,59013.264942099806,709.8977015315104,i,i,7670.0,7670.0,2.5693352667885703e-17,-0.6816435421662046,2.5693352667885704e-19,0.01,20.456262781737653,1.2019882724218398,0.01,True
2839,59017.20225689979,713.8350163314972,i,i,7670.0,7670.0,2.117060366007034e-17,-0.7657310785426876,2.117060366007034e-19,0.01,20.666481622678866,1.4122071133630527,0.01,True
2840,59022.286284700036,718.9190441317405,i,i,7670.0,7670.0,2.4640005595428258e-17,-0.6998235181267365,2.464000559542826e-19,0.01,20.50171272163898,1.2474382123231678,0.01,True
2841,59026.30414350005,722.9369029317531,i,i,5090.0,5090.0,3.39420015105261e-17,-0.5607268717902958,3.39420015105261e-19,0.01,20.153971105797883,0.8996965964820696,0.01,True
2842,59031.26483799983,727.8975974315326,i,i,8615.74276734694,8615.74276734694,4.218384818222885e-17,-0.4663181249218997,4.2183848182228854e-19,0.01,19.91794923862689,0.6636747293110759,0.01,True
2843,59035.23894680012,731.8717062318246,i,i,7670.0,7670.0,5.014137205752897e-17,-0.39126810651789334,5.014137205752897e-19,0.01,19.730324192616877,0.47604968330106345,0.01,True
2844,59039.28125,735.9140094317045,i,i,7682.066457142858,7682.066457142858,3.9769521019211356e-17,-0.4919139598308018,3.9769521019211357e-19,0.01,19.98193882589915,0.7276643165833363,0.01,True
2845,59043.17506940011,739.8078288318138,i,i,7682.066457142858,7682.066457142858,3.3021178260486893e-17,-0.5726717545585931,3.3021178260486895e-19,0.01,20.183833312718626,0.9295588034028128,0.01,True
2846,59047.19927080022,743.8320302319262,i,i,8615.74276734694,8615.74276734694,1.944499985908803e-17,-0.8026563759055438,1.944499985908803e-19,0.01,20.758794866086006,1.5045203567701932,0.01,True
2847,59051.26428239979,747.897041831493,i,i,7670.0,7670.0,2.6335079095291187e-17,-0.6709296931778308,2.633507909529119e-19,0.01,20.429478159266722,1.1752036499509089,0.01,True
2848,59055.26537040016,751.8981298318613,i,i,7670.0,7670.0,2.7232054046448518e-17,-0.6563839199083095,2.7232054046448517e-19,0.01,20.39311372609292,1.1388392167771073,0.01,True
2849,59059.246875000186,755.8796344318907,i,i,8615.74276734694,8615.74276734694,2.892265766841479e-17,-0.6302261229853006,2.892265766841479e-19,0.01,20.327719233785395,1.0734447244695815,0.01,True
2850,59063.200555600226,759.8333150319304,i,i,8615.74276734694,8615.74276734694,3.6657162679564316e-17,-0.527305473371646,3.6657162679564317e-19,0.01,20.07041760975126,0.8161431004354469,0.01,True
2851,59067.24533559987,763.8780950315777,i,i,7682.066457142858,7682.066457142858,3.089641957784915e-17,-0.6015561659845421,3.0896419577849153e-19,0.01,20.2560443412835,1.0017698319676853,0.01,True
2852,59071.16577549977,767.7985349314768,i,i,7682.066457142858,7682.066457142858,2.5081018475521327e-17,-0.6921191521454251,2.508101847552133e-19,0.01,20.482451806685702,1.2281772973698892,0.01,True
2853,59079.2667824002,775.8995418319028,i,i,7670.0,7670.0,2.7754647507844503e-17,-0.6481286042060876,2.7754647507844504e-19,0.01,20.372475436837362,1.1182009275215492,0.01,True
2854,59085.279050900135,781.9118103318397,i,i,8615.74276734694,8615.74276734694,3.808561284522674e-17,-0.510703371913868,3.808561284522674e-19,0.01,20.028912356106815,0.774637846791002,0.01,True
2855,59089.16026620008,785.793025631785,i,i,7331.937840816327,7331.937840816327,3.535831114593733e-17,-0.5429728070432187,3.5358311145937334e-19,0.01,20.109585943930192,0.8553114346143786,0.01,True
2856,59093.26278939983,789.8955488315332,i,i,7682.066457142858,7682.066457142858,6.162819260453118e-17,-0.3016848890581034,6.162819260453118e-19,0.01,19.5063661489674,0.2520916396515851,0.01,True
2857,59097.22085649986,793.8536159315627,i,i,7682.066457142858,7682.066457142858,4.61783080369102e-17,-0.42702630382383155,4.61783080369102e-19,0.01,19.819719685881722,0.565445176565909,0.01,True
2858,59111.20104169985,807.8338011315573,i,i,7670.0,7670.0,4.156521364952805e-17,-0.47273430307929765,4.1565213649528053e-19,0.01,19.933989684020382,0.6797151747045689,0.01,True
2859,59115.11859950004,811.7513589317459,i,i,7670.0,7670.0,3.528474589968233e-17,-0.5438773259979062,3.528474589968233e-19,0.01,20.111847241316905,0.857572732001092,0.01,True
2860,59119.11806710018,815.7508265318829,i,i,7670.0,7670.0,3.144503878404973e-17,-0.5939121855217184,3.144503878404973e-19,0.01,20.236934390126443,0.9826598808106297,0.01,True
2861,59124.17914350005,820.8119029317531,i,i,7670.0,7670.0,5.574101603299462e-17,-0.3452894395835653,5.5741016032994615e-19,0.01,19.61537752528106,0.3611030159652451,0.01,True
2862,59136.11747690011,832.7502363318126,i,i,7670.0,7670.0,4.0863310461859e-17,-0.48013077299484586,4.0863310461859e-19,0.01,19.952480858809256,0.698206349493443,0.01,True
2863,59189.53900460014,886.1717640318457,i,i,7670.0,7670.0,5.3613150106281027e-17,-0.36219299476277733,5.361315010628103e-19,0.01,19.657636413229085,0.40336190391327165,0.01,True
2864,59204.529675900005,901.1624353317093,i,i,8630.204081632653,8630.204081632653,2.993272493223557e-17,-0.6153180655077062,2.993272493223557e-19,0.01,20.290449090091407,1.0361745807755938,0.01,True
2865,59217.50836810004,914.1411275317441,i,i,8615.74276734694,8615.74276734694,4.627990336422121e-17,-0.4260718767993925,4.627990336422121e-19,0.01,19.81733361832062,0.5630591090048078,0.01,True
2866,59220.51334490022,917.1461043319214,i,i,7670.0,7670.0,4.391915901761195e-17,-0.448810304772179,4.3919159017611955e-19,0.01,19.874179688252585,0.6199051789367722,0.01,True
2867,59224.4692592998,921.102018731508,i,i,7682.066457142858,7682.066457142858,6.207698018864454e-17,-0.2985337382691906,6.207698018864454e-19,0.01,19.498488271995114,0.24421376267930128,0.01,True
2868,59227.53267360013,924.1654330318343,i,i,8615.74276734694,8615.74276734694,4.4562412279604404e-17,-0.44249562794678177,4.456241227960441e-19,0.01,19.858392996189096,0.6041184868732827,0.01,True
2869,59230.515173600055,927.1479330317597,i,i,7670.0,7670.0,3.4559971269729405e-17,-0.5528909474709405,3.4559971269729407e-19,0.01,20.134381294999493,0.8801067856836795,0.01,True
2870,59249.47467589984,946.1074353315416,i,i,7682.066457142858,7682.066457142858,4.453218503044386e-17,-0.4427903153557491,4.453218503044386e-19,0.01,19.859129714711518,0.6048552053957046,0.01,True
2871,59252.40934030013,949.0420997318361,i,i,5090.0,5090.0,2.3000196499560128e-17,-0.7297327738629225,2.300019649956013e-19,0.01,20.576485860979446,1.3222113516636327,0.01,True
2872,59255.51156250015,952.1443219318535,i,i,8630.204081632653,8630.204081632653,2.3450388639676846e-17,-0.7213142756355619,2.3450388639676847e-19,0.01,20.55543961541105,1.3011651060952367,0.01,True
2873,59264.38922449993,961.0219839316342,i,i,7682.066457142858,7682.066457142858,2.861181618439047e-17,-0.634918893970136,2.861181618439047e-19,0.01,20.33945116124748,1.0851766519316683,0.01,True
2874,59267.342499999795,963.9752594314996,i,i,7682.066457142858,7682.066457142858,4.7337016824852646e-17,-0.4162634349911283,4.733701682485265e-19,0.01,19.792812513799966,0.5385380044841526,0.01,True
2875,59270.47140049981,967.104159931514,i,i,8615.74276734694,8615.74276734694,4.3166278681491965e-17,-0.45631971003250094,4.3166278681491964e-19,0.01,19.892953201403397,0.6386786920875842,0.01,True
2876,59280.350196800195,976.9829562318992,i,i,7670.0,7670.0,3.25802029510066e-17,-0.5785105349216426,3.25802029510066e-19,0.01,20.198430263626253,0.9441557543104402,0.01,True
2877,59290.45431709988,987.0870765315849,i,i,7670.0,7670.0,2.5019027843726686e-17,-0.6931938897967971,2.5019027843726685e-19,0.01,20.48513865081414,1.2308641414983263,0.01,True
2878,59295.37006939994,992.0028288316462,i,i,7670.0,7670.0,3.349130322124531e-17,-0.5665322730070148,3.349130322124531e-19,0.01,20.168484608839684,0.9142100995238707,0.01,True
2879,59303.49210650008,1000.1248659317862,i,i,8615.74276734694,8615.74276734694,4.3883670542037473e-17,-0.4491613743226619,4.388367054203748e-19,0.01,19.8750573621288,0.6207828528129866,0.01,True
2880,59306.41165510006,1003.044414531767,i,i,8615.74276734694,8615.74276734694,2.9543841134819714e-17,-0.6209973609108648,2.9543841134819715e-19,0.01,20.30464732859931,1.0503728192834956,0.01,True
2881,59309.43413189985,1006.066891331553,i,i,7682.066457142858,7682.066457142858,2.5292577209419947e-17,-0.6884712358241298,2.529257720941995e-19,0.01,20.47333201588247,1.2190575065666565,0.01,True
2882,59312.366446800064,1008.9992062317688,i,i,7670.0,7670.0,2.5864128787172182e-17,-0.67876646611826,2.5864128787172183e-19,0.01,20.44907009161779,1.1947955823019782,0.01,True
2883,59321.3445255002,1017.9772849319052,i,i,7670.0,7670.0,2.7956049690080874e-17,-0.6449885165088336,2.7956049690080876e-19,0.01,20.364625217594224,1.1103507082784105,0.01,True
2884,59324.33128469996,1020.964044131666,i,i,8615.74276734694,8615.74276734694,2.9176152556631495e-17,-0.626436299085741,2.9176152556631497e-19,0.01,20.3182446740365,1.0639701647206863,0.01,True
2885,59329.41234950023,1026.0451089319322,i,i,8615.74276734694,8615.74276734694,3.7795365928023366e-17,-0.5140257657819038,3.779536592802337e-19,0.01,20.037218340776903,0.7829438314610897,0.01,True
2886,59334.42962960014,1031.0623890318457,i,i,8615.74276734694,8615.74276734694,3.313860480950979e-17,-0.5711301002950808,3.3138604809509788e-19,0.01,20.17997917705985,0.9257046677440357,0.01,True
2887,59338.35215280019,1034.984912231892,i,i,7670.0,7670.0,3.6950697631349703e-17,-0.5238416779281518,3.6950697631349706e-19,0.01,20.061758121142525,0.8074836118267115,0.01,True
2888,59341.38226850005,1038.0150279317531,i,i,7682.066457142858,7682.066457142858,2.893782288751845e-17,-0.629998466005576,2.8937822887518453e-19,0.01,20.327150091336087,1.0728755820202736,0.01,True
2889,59344.34434030019,1040.977099731892,i,i,3670.0,3670.0,3.031244910394965e-17,-0.6098432934960574,3.031244910394965e-19,0.01,20.27676216006229,1.022487650746477,0.01,True
2890,59353.280532400124,1049.9132918318282,i,i,7682.066457142858,7682.066457142858,3.393960333606041e-17,-0.5607575579810504,3.3939603336060406e-19,0.01,20.15404782127477,0.8997733119589562,0.01,True
2891,59356.35012729978,1052.9828867314864,i,i,8615.74276734694,8615.74276734694,3.6876431577278714e-17,-0.524715431213723,3.6876431577278717e-19,0.01,20.063942504356447,0.809667995040634,0.01,True
2892,59359.34858800005,1055.9813474317561,i,i,8615.74276734694,8615.74276734694,4.314899120047971e-17,-0.45649367363640003,4.314899120047971e-19,0.01,19.89338811041314,0.6391136010973284,0.01,True
2893,59362.353773099836,1058.9865325315404,i,i,5090.0,5090.0,3.114585599369842e-17,-0.5980640489831419,3.1145855993698417e-19,0.01,20.247314048779998,0.9930395394641849,0.01,True
2894,59365.38702550018,1062.0197849318865,i,i,8615.74276734694,8615.74276734694,3.376425215800472e-17,-0.5630071852363745,3.3764252158004723e-19,0.01,20.159671889413083,0.9053973800972699,0.01,True
2895,59368.324201399926,1064.9569608316306,i,i,5090.0,5090.0,3.0712028271460405e-17,-0.6041558213495382,3.0712028271460405e-19,0.01,20.262543479695985,1.008268970380172,0.01,True
2896,59371.3054630002,1067.9382224319052,i,i,7682.066457142858,7682.066457142858,2.99554419073837e-17,-0.614988589487778,2.9955441907383703e-19,0.01,20.289625400041587,1.0353508907257734,0.01,True
2897,59375.2026157002,1071.835375131901,i,i,7670.0,7670.0,2.9496311877521727e-17,-0.621696603632282,2.9496311877521725e-19,0.01,20.30639543540285,1.0521209260870386,0.01,True
2898,59378.27979170019,1074.9125511318925,i,i,7670.0,7670.0,2.5537898767885653e-17,-0.6842791591489377,2.5537898767885654e-19,0.01,20.46285182419449,1.2085773148786778,0.01,True
2899,59381.35057870019,1077.9833381318967,i,i,7670.0,7670.0,3.1627496393535506e-17,-0.5913995053575984,3.1627496393535506e-19,0.01,20.230652689716138,0.9763781804003244,0.01,True
2900,59384.283680600114,1080.9164400318186,i,i,8615.74276734694,8615.74276734694,5.604030176850981e-17,-0.34296385501199644,5.60403017685098e-19,0.01,19.60956356385213,0.35528905453631765,0.01,True
2901,59387.26540509984,1083.8981645315434,i,i,7331.937840816327,7331.937840816327,3.9134243265312015e-17,-0.49890737991080236,3.913424326531202e-19,0.01,19.99942237609915,0.7451478667833378,0.01,True
2902,59391.35001160018,1087.982771031886,i,i,8615.74276734694,8615.74276734694,3.896351310524713e-17,-0.500806212552737,3.8963513105247133e-19,0.01,20.004169457703988,0.7498949483881745,0.01,True
2903,59394.26153940009,1090.894298831794,i,i,8615.74276734694,8615.74276734694,3.872904377853187e-17,-0.5034275458695721,3.8729043778531867e-19,0.01,20.010722790996077,0.7564482816802638,0.01,True
2904,59397.321261600126,1093.95402103183,i,i,7682.066457142858,7682.066457142858,2.964404474757874e-17,-0.6195268600806454,2.964404474757874e-19,0.01,20.300971076523755,1.0466965672079418,0.01,True
2905,59400.24184030015,1096.8745997318547,i,i,8615.74276734694,8615.74276734694,2.7080374166683684e-17,-0.6588096595860495,2.7080374166683685e-19,0.01,20.399178075287267,1.144903565971454,0.01,True
2906,59407.22047450021,1103.8532339319136,i,i,7682.066457142858,7682.066457142858,2.6686683018154573e-17,-0.6651697230910205,2.6686683018154574e-19,0.01,20.415078234049695,1.1608037247338814,0.01,True
2907,59410.3290161998,1106.9617756315056,i,i,8615.74276734694,8615.74276734694,3.366749594997565e-17,-0.5642535036918321,3.366749594997565e-19,0.01,20.16278768555172,0.9085131762359069,0.01,True
2908,59418.288067100104,1114.9208265318084,i,i,5090.0,5090.0,5.914669845006037e-17,-0.3195338127814775,5.914669845006037e-19,0.01,19.55098845827584,0.2967139489600257,0.01,True
2909,59422.32439809991,1118.957157531615,i,i,5090.0,5090.0,4.285046320204793e-17,-0.459508799350024,4.2850463202047935e-19,0.01,19.900925924697205,0.6466514153813918,0.01,True
2910,59429.34722220013,1125.9799816318337,i,i,8615.74276734694,8615.74276734694,3.4915418300248644e-17,-0.5484470708173443,3.4915418300248646e-19,0.01,20.123271603365502,0.8689970940496892,0.01,True
2911,59440.17756940005,1136.810328831758,i,i,8615.74276734694,8615.74276734694,3.24531272655697e-17,-0.5802077673722881,3.24531272655697e-19,0.01,20.20267334475286,0.9483988354370467,0.01,True
2912,59444.17275460018,1140.805514031883,i,i,7670.0,7670.0,5.247781763106786e-17,-0.371488554287561,5.247781763106786e-19,0.01,19.680875312041042,0.42660080272522904,0.01,True
2913,59447.26164350007,1143.8944029317718,i,i,8630.204081632653,8630.204081632653,5.841295016002653e-17,-0.32495517930147777,5.841295016002653e-19,0.01,19.564541874575838,0.3102673652600245,0.01,True
2914,59463.17848380003,1159.8112432317357,i,i,7670.0,7670.0,2.626242599911961e-17,-0.6721294785582028,2.626242599911961e-19,0.01,20.43247762271765,1.1782031134018354,0.01,True
2915,59466.199224499986,1162.83198393169,i,i,8615.74276734694,8615.74276734694,2.86264615053186e-17,-0.6346966517063795,2.86264615053186e-19,0.01,20.338895555588095,1.0846210462722823,0.01,True
2916,59469.2273380002,1165.8600974319052,i,i,7670.0,7670.0,2.999692866174419e-17,-0.6143875299735075,2.9996928661744187e-19,0.01,20.288122751255916,1.0338482419401025,0.01,True
2917,59473.226793999784,1169.8595534314882,i,i,7682.066457142858,7682.066457142858,4.133916511439501e-17,-0.47510261887151906,4.1339165114395015e-19,0.01,19.939910473500937,0.6856359641851242,0.01,True
2918,59477.20512730023,1173.8378867319334,i,i,7670.0,7670.0,5.797388856304367e-17,-0.3282318888578697,5.797388856304368e-19,0.01,19.57273364846682,0.3184591391510061,0.01,True
2919,59489.143321800046,1185.7760812317501,i,i,7670.0,7670.0,4.260803754097863e-17,-0.4619727884997413,4.260803754097863e-19,0.01,19.90708589757149,0.6528113882556781,0.01,True
2920,59505.13781249989,1201.7705719315927,i,i,7670.0,7670.0,5.137963919789431e-17,-0.38067327003733986,5.137963919789432e-19,0.01,19.703837101415488,0.4495625920996744,0.01,True
2921,59624.46755790012,1321.100317331824,i,i,7670.0,7670.0,3.237815157971304e-17,-0.5812122683397423,3.237815157971304e-19,0.01,20.2051845971715,0.9509100878556858,0.01,True
2922,59627.42730320012,1324.0600626318264,i,i,7670.0,7670.0,8.103310477494265e-17,-0.18280184106822794,8.103310477494265e-19,0.01,19.20915852899271,-0.0451159803231036,0.01,True
2923,59636.43376159994,1333.0665210316438,i,i,7670.0,7670.0,3.348255714929928e-17,-0.5666457014635835,3.3482557149299283e-19,0.01,20.1687681799811,0.9144936706652871,0.01,True
2924,59640.43228009995,1337.0650395316552,i,i,7670.0,7670.0,3.1046679013272146e-17,-0.59944916865504,3.1046679013272146e-19,0.01,20.25077684795974,0.9965023386439285,0.01,True
2925,59670.44747690018,1367.0802363318871,i,i,7670.0,7670.0,2.869346551654149e-17,-0.6336813159547265,2.869346551654149e-19,0.01,20.33635721620896,1.0820827068931465,0.01,True
2926,59673.28835650021,1369.9211159319166,i,i,8615.74276734694,8615.74276734694,3.312044670908978e-17,-0.5713681345811441,3.312044670908978e-19,0.01,20.180574262775,0.9262997534591868,0.01,True
2927,59676.42840280011,1373.0611622318174,i,i,7670.0,7670.0,4.634029448916356e-17,-0.4255055308696054,4.634029448916356e-19,0.01,19.81591775349615,0.5616432441803383,0.01,True
2928,59679.34548609983,1375.9782455315362,i,i,7670.0,7670.0,3.494953907094466e-17,-0.5480228677785863,3.494953907094466e-19,0.01,20.122211095768613,0.8679365864527995,0.01,True
2929,59683.329074100126,1379.96183353183,i,i,7670.0,7670.0,4.516581314625476e-17,-0.4366544867482762,4.516581314625476e-19,0.01,19.843790143192834,0.5895156338770207,0.01,True
2930,59687.46871529985,1384.1014747315567,i,i,5090.0,5090.0,4.2899026616379725e-17,-0.4590168821347458,4.2899026616379725e-19,0.01,19.899696131659006,0.6454216223431928,0.01,True
2931,59690.411620399915,1387.0443798316192,i,i,7670.0,7670.0,3.3183844157925905e-17,-0.5705376251155609,3.3183844157925906e-19,0.01,20.178497989111044,0.9242234797952307,0.01,True
2932,59693.364409700036,1389.9971691317405,i,i,8615.74276734694,8615.74276734694,3.789427746428757e-17,-0.5128906895172047,3.7894277464287567e-19,0.01,20.034380650115157,0.7801061407993437,0.01,True
2933,59696.321562500205,1392.9543219319094,i,i,7670.0,7670.0,4.010529353005175e-17,-0.4882626209591887,4.0105293530051755e-19,0.01,19.972810478720113,0.7185359694043001,0.01,True
2934,59699.43384259986,1396.066602031562,i,i,3670.0,3670.0,3.231963016496047e-17,-0.5819979377629085,3.2319630164960475e-19,0.01,20.207148770729418,0.952874261413605,0.01,True
2935,59712.322488400154,1408.9552478318583,i,i,7682.066457142858,7682.066457142858,4.0173008695589757e-17,-0.4875299614760227,4.0173008695589755e-19,0.01,19.9709788300122,0.7167043206963868,0.01,True
2936,59715.32409719983,1411.9568566315356,i,i,7670.0,7670.0,5.0859469767490655e-17,-0.3850924920909531,5.085946976749065e-19,0.01,19.714885156549524,0.46061064723371103,0.01,True
2937,59723.28231480019,1419.9150742318961,i,i,7670.0,7670.0,3.5077025287024866e-17,-0.5464415644021177,3.5077025287024867e-19,0.01,20.11825783732744,0.8639833280116278,0.01,True
2938,59726.26530090021,1422.8980603319142,i,i,7682.066457142858,7682.066457142858,2.825906611630747e-17,-0.6403065147192333,2.825906611630747e-19,0.01,20.35292021312023,1.098645703804415,0.01,True
2939,59730.34880790021,1426.9815673319172,i,i,7682.066457142858,7682.066457142858,2.6257277128967517e-17,-0.6722146323488385,2.625727712896752e-19,0.01,20.43269050719424,1.178415997878428,0.01,True
2940,59733.280023099855,1429.912782531559,i,i,5090.0,5090.0,3.094150880970914e-17,-0.6009228327351597,3.094150880970914e-19,0.01,20.254461008160042,1.0001864988442293,0.01,True
2941,59736.32378470013,1432.9565441318337,i,i,7670.0,7670.0,2.7464999396125106e-17,-0.6526847264333089,2.7464999396125106e-19,0.01,20.383865742405415,1.1295912330896023,0.01,True
2942,59739.32694440009,1435.9597038317952,i,i,8615.74276734694,8615.74276734694,3.236227632909872e-17,-0.5814252584017954,3.236227632909872e-19,0.01,20.205717072326635,0.9514425630108221,0.01,True
2943,59742.216527800076,1438.8492872317802,i,i,8615.74276734694,8615.74276734694,4.499444385245006e-17,-0.438305432093161,4.499444385245006e-19,0.01,19.847917506555042,0.593642997239229,0.01,True
2944,59747.3904281999,1444.023187631603,i,i,7682.066457142858,7682.066457142858,3.8673078050967027e-17,-0.5040555806137963,3.867307805096703e-19,0.01,20.012292877856634,0.7580183685408208,0.01,True
2945,59756.322731500026,1452.9554909317303,i,i,7687.234693877551,7687.234693877551,2.4279923542806415e-17,-0.7062170054246639,2.4279923542806415e-19,0.01,20.517696439883807,1.2634219305679935,0.01,True
2946,59759.24442130001,1455.877180731717,i,i,7670.0,7670.0,2.687473148460202e-17,-0.6621201864935369,2.687473148460202e-19,0.01,20.407454392555987,1.153179883240174,0.01,True
2947,59762.299085599836,1458.9318450315404,i,i,7682.066457142858,7682.066457142858,2.6206799343475856e-17,-0.6730503367750398,2.6206799343475857e-19,0.01,20.434779768259745,1.1805052589439313,0.01,True
2948,59765.304837999865,1461.9375974315699,i,i,5090.0,5090.0,2.860066507978946e-17,-0.6350881879126344,2.8600665079789463e-19,0.01,20.339874396103728,1.0855998867879144,0.01,True
2949,59782.22087959992,1478.8536390316222,i,i,7682.066457142858,7682.066457142858,3.238207808042e-17,-0.581159604610745,3.238207808042e-19,0.01,20.205052937849008,0.9507784285331944,0.01,True
2950,59785.26269679982,1481.8954562315266,i,i,5090.0,5090.0,2.3609835645687965e-17,-0.7183713563913567,2.3609835645687967e-19,0.01,20.548082317300537,1.2938078079847237,0.01,True
2951,59789.297905100044,1485.9306645317483,i,i,7670.0,7670.0,2.889053769060173e-17,-0.6307086955354517,2.889053769060173e-19,0.01,20.32892566516077,1.0746511558449576,0.01,True
2952,59798.19856479997,1494.8313242316726,i,i,7670.0,7670.0,3.173047589339093e-17,-0.589987734547849,3.173047589339093e-19,0.01,20.227123262691762,0.9728487533759491,0.01,True
2953,58314.9535,11.586259431707731,G,G,6730.0,6730.0,1.774623345706524e-16,0.15764187025386,0.0,0.0,18.5,-0.7542745093158132,0.0,False
2954,58348.26192,44.89467943170166,G,G,6730.0,6730.0,1.1942800853576662e-16,-0.014358129746138815,0.0,0.0,18.93,-0.3242745093158135,0.0,False
2955,58384.92212,81.55487943170738,G,G,3597.2326000000003,3597.2326000000003,8.894185653650275e-17,-0.1423581297461407,0.0,0.0,19.25,-0.004274509315813191,0.0,False
2956,58384.99612,81.6288794317079,G,G,3597.2326000000003,3597.2326000000003,9.143367810515155e-17,-0.13035812974614025,0.0,0.0,19.22,-0.03427450931581433,0.0,False
2957,58414.4175,111.05025943170767,G,G,6730.0,6730.0,2.710854389058182e-17,-0.6583581297461389,0.0,0.0,20.54,1.285725490684186,0.0,False
2958,58296.7305,-6.636740568297682,UVW2,UVW2,2030.0,2030.0,4.223040211884153e-17,-0.4658391034353766,4.223040211884153e-19,0.01,21.36,2.1057254906841862,0.01,True
2959,58296.7349,-6.63234056829242,UVM2,UVM2,2231.0,2231.0,3.3160546892438404e-17,-0.5708426358060006,3.3160546892438406e-19,0.01,21.52,2.2657254906841864,0.01,True
2960,58296.7268,-6.6404405682988,UVW1,UVW1,2634.0,2634.0,6.293691977563505e-17,-0.29255883614792744,6.293691977563505e-19,0.01,20.644000000000002,1.3897254906841887,0.01,True
2961,58296.7283,-6.638940568293037,U,U,3600.0,3600.0,9.46278023201614e-17,-0.11544556628945024,9.46278023201614e-19,0.01,19.862,0.6077254906841851,0.01,True
2962,58296.729,-6.638240568296169,B,B,4380.0,4380.0,1.5633173371051342e-16,0.10258282397373719,1.5633173371051343e-18,0.01,19.104000000000003,-0.15027450931581043,0.01,True
2963,58296.7329,-6.634340568292828,V,V,5450.0,5450.0,2.663941922761451e-16,0.33406043220119663,2.663941922761451e-18,0.01,18.287999999999997,-0.9662745093158165,0.01,True
